1.000000000000000000e+00 0.000000000000000000e+00 0.000000000000000000e+00 0.000000000000000000e+00 0.000000000000000000e+00 1.000000000000000000e+00 0.000000000000000000e+00 0.000000000000000000e+00 0.000000000000000000e+00 0.000000000000000000e+00 1.000000000000000000e+00 0.000000000000000000e+00
9.997678203822475407e-01 -2.057463692090067808e-03 2.144929302532102428e-02 -2.226465074410992062e-01 2.000784724632976696e-03 9.999944510627611916e-01 2.663588589391658028e-03 -1.015269482545861635e-01 -2.145465424135353794e-02 -2.620054740571884765e-03 9.997663892752847170e-01 3.657204675361797053e-01
9.995051834591964779e-01 -1.086281835366223166e-03 3.143577945543588048e-02 -2.102779785825029113e-01 8.615968688498723202e-04 9.999739950337600547e-01 7.160091274186193219e-03 -2.465480851205556767e-01 -3.144273984614314593e-02 -7.129463373441405349e-03 9.994801272976736595e-01 7.857491863157219925e-01
9.984723845135702325e-01 -3.807026936635404032e-03 5.512171903784553878e-02 -2.277377642044953188e-01 3.433631501618386941e-03 9.999705258554320020e-01 6.867138787006813079e-03 -3.509683579851431423e-01 -5.514623775466955674e-02 -6.667380768536615952e-03 9.984560273217809589e-01 1.318764865666568253e+00
9.967992090306744268e-01 -1.331962596670009311e-03 7.993474057918854847e-02 -1.320806867783836380e-01 8.899251983750058360e-04 9.999841173371445402e-01 5.565348739447951130e-03 -4.595403358643909142e-01 -7.994088383901194750e-02 -5.476399281594589510e-03 9.967845625519820008e-01 2.007966500077379646e+00
9.926693430331824386e-01 -9.700907459252245540e-03 1.204718547899734649e-01 -8.829925799239308759e-01 8.115111169784989392e-03 9.998739461451985333e-01 1.364686010509628261e-02 -6.482643197622758313e-01 -1.205890557752712228e-01 -1.256917716054085400e-02 9.926229371784308642e-01 2.705470046289153441e+00
9.912827514139170848e-01 -8.239969382982914245e-03 1.314937627943716381e-01 -9.410457812864051474e-01 6.064169263500377230e-03 9.998381405790024434e-01 1.693866862134201304e-02 -7.158054309485563094e-01 -1.316120534008896337e-01 -1.599360960157285294e-02 9.911722715307937914e-01 2.925525266562345017e+00
9.875033852409444979e-01 -1.169749653929116721e-02 1.571630768100102105e-01 -1.016482751633857706e+00 8.721919783190540051e-03 9.997696728316856074e-01 1.960942123869150247e-02 -8.689731069813906306e-01 -1.573562590206425416e-01 -1.799360610700720398e-02 9.873779610090017700e-01 3.680483964270446773e+00
9.823131152498366658e-01 -1.673418429872684798e-02 1.864964093059628958e-01 -6.924497157470846931e-01 1.360403144714285133e-02 9.997445089990105727e-01 1.805123416026202521e-02 -1.005151082934260920e+00 -1.867508338309261107e-01 -1.519486104509371743e-02 9.822897954581798485e-01 4.663967044339222490e+00
9.785084293863479665e-01 -1.740230863861439922e-02 2.054711981614660565e-01 -6.440875999878150626e-01 1.365211750066859520e-02 9.997136020302992421e-01 1.965537085251921334e-02 -1.094207195673544852e+00 -2.057544004574628493e-01 -1.642782912160129991e-02 9.784657649211544461e-01 5.151033681679725973e+00
9.726139122370692780e-01 -1.640516916352953089e-02 2.318470360984132561e-01 -2.382788448051317842e-01 1.167488353698139907e-02 9.996950513008568961e-01 2.176008959017606062e-02 -1.214506039296511464e+00 -2.321333125970958255e-01 -1.845737872208698047e-02 9.725088433291521062e-01 6.017904042324281555e+00
9.638883032102609771e-01 -1.693726993127642882e-02 2.657676952184320207e-01 9.711555242199054749e-02 1.168154036617631564e-02 9.997039430334221377e-01 2.134403659338787035e-02 -1.334669075490444001e+00 -2.660505225499765758e-01 -1.746869115593863153e-02 9.638007907654880801e-01 6.970530161025489946e+00
9.540873256642692368e-01 -2.006071377625533170e-02 2.988560569397720190e-01 1.167132756418490236e-01 1.399676124728001063e-02 9.996507145320151499e-01 2.241739525937521196e-02 -1.401217267294915247e+00 -2.992013798119714796e-01 -1.720513581508668205e-02 9.540348618474034925e-01 7.418932787326704137e+00
9.407060270140388258e-01 -2.557033145416685860e-02 3.382577846684164391e-01 1.812478988184596795e-01 1.932168609295647002e-02 9.995750185432704660e-01 2.182784347439827716e-02 -1.528626587172992934e+00 -3.386721765749085011e-01 -1.399787317922355535e-02 9.408003063139749322e-01 8.335365755394077425e+00
9.271615439148302995e-01 -2.887629416352811840e-02 3.735473612821377243e-01 5.749009784091850817e-01 2.350441975886968793e-02 9.995445204880104573e-01 1.892865061723214906e-02 -1.624380965178951808e+00 -3.739238073956582253e-01 -8.769902951103893118e-03 9.274179613663732225e-01 9.232971152689536609e+00
9.115823319503647548e-01 -3.215664422098638703e-02 4.098580270146950366e-01 9.950633356869447166e-01 2.744787300249840190e-02 9.994723329365107212e-01 1.736864882728869630e-02 -1.747708314278771269e+00 -4.102002758940712090e-01 -4.583222326252931432e-03 9.119839514648998557e-01 1.011992179801390890e+01
8.937199198365769481e-01 -3.933998172450239167e-02 4.468971590032945751e-01 4.185509435576268977e-01 3.582345081643943663e-02 9.992248687596942958e-01 1.631998847341746550e-02 -1.820151057221157442e+00 -4.471927831024353761e-01 1.423899605364479203e-03 8.944364635070558567e-01 1.094162528360850217e+01
8.762288243535331089e-01 -4.048042547288463466e-02 4.801920267201011394e-01 7.681580530160948550e-01 3.738630479279622665e-02 9.991726264228358856e-01 1.601020990592681020e-02 -1.904042145620020055e+00 -4.804428286341297372e-01 3.923998066504670416e-03 8.770172693015847454e-01 1.157227392491637197e+01
8.613515257677845094e-01 -3.600797302914317960e-02 5.067316596936102258e-01 1.407818196125004029e+00 3.716045757597330468e-02 9.992785416448286551e-01 7.841976850740934799e-03 -1.961166252574090940e+00 -5.066484475948308530e-01 1.207568161702555175e-02 8.620681692669264207e-01 1.230619925018992866e+01
8.404449998443508374e-01 -4.360165820872923675e-02 5.401398871015502534e-01 1.956679430721583124e+00 4.814244438945622373e-02 9.988241050261111864e-01 5.719463872891677493e-03 -2.075878174897430650e+00 -5.397541174320336088e-01 2.119675966355128935e-02 8.415558151988071778e-01 1.304838504851164238e+01
8.193317354021059096e-01 -4.579871818434509689e-02 5.714875193524711072e-01 2.601317217529957482e+00 5.050678908034455378e-02 9.986946161290527479e-01 7.624170225917071067e-03 -2.232371384373887935e+00 -5.710906859858274620e-01 2.261727497978285525e-02 8.205753391692451881e-01 1.379939617728369683e+01
7.936484888745044541e-01 -5.091244844860821211e-02 6.062425246550922076e-01 2.171111118813219054e+00 5.275367812693494002e-02 9.984979813800687332e-01 1.479292479546918948e-02 -2.376385740929102930e+00 -6.060850811159204099e-01 2.024114060255681122e-02 7.951422329846473680e-01 1.438542070058316114e+01
7.703549455759342024e-01 -5.404985117488416563e-02 6.353202904163139930e-01 1.952229905241711583e+00 5.787474882175138585e-02 9.982149218100170307e-01 1.474731584511410065e-02 -2.484187910199325167e+00 -6.349832842488974949e-01 2.540833453395227939e-02 7.721079233246415097e-01 1.500945482355095884e+01
7.455205284630518348e-01 -5.749398676595518509e-02 6.639981800622071217e-01 2.566787147323357665e+00 6.225874104994460340e-02 9.979235576749995174e-01 1.650521736125178454e-02 -2.601373050904287165e+00 -6.635683768859413911e-01 2.903471238056946901e-02 7.475520013175865897e-01 1.561516181567988149e+01
7.207554787567315158e-01 -6.357099138375851832e-02 6.902682586477776328e-01 3.198186346888709064e+00 7.074179029048402456e-02 9.973325271089750199e-01 1.798414515391330917e-02 -2.686385849513738489e+00 -6.895702567169251784e-01 3.586864124699937206e-02 7.233300087971196168e-01 1.610230283171856769e+01
7.023244075543567666e-01 -6.832574263749087440e-02 7.085704054266245278e-01 4.255238699151727033e+00 7.802116186661750552e-02 9.967747440107401768e-01 1.878318405655179588e-02 -2.804194086987243928e+00 -7.075684594824719342e-01 4.209159768118338890e-02 7.053900853784658143e-01 1.660886935769185158e+01
6.901842077762562200e-01 -7.149759081589943110e-02 7.200929480586355513e-01 4.894321276754918237e+00 7.133785455062012504e-02 9.969822660188730756e-01 3.061489428341490626e-02 -2.939763217990154942e+00 -7.201087902840571653e-01 3.023996943438179638e-02 6.932019001735576502e-01 1.664967723120094689e+01
6.722513168393193794e-01 -7.575227231786643700e-02 7.364372072664946423e-01 5.585600503206773482e+00 7.815155016590479009e-02 9.964544591455468669e-01 3.115840264868423304e-02 -2.996750858293100617e+00 -7.361864588638261653e-01 3.660743213653869926e-02 6.757879798412373962e-01 1.703785309741399701e+01
6.523182620093567197e-01 -8.176508650341869633e-02 7.535219676148633416e-01 6.301857282622177259e+00 8.771437880969550072e-02 9.956282525300980124e-01 3.210250011896657180e-02 -3.075902979166407647e+00 -7.528526235586321391e-01 4.515366422503785948e-02 6.566384650688157354e-01 1.753817667001326441e+01
6.323733338922902236e-01 -8.354493719201977475e-02 7.701455771810451489e-01 7.413045524695198729e+00 8.969404908852628144e-02 9.953775516529709266e-01 3.432939299548615902e-02 -3.204105259751651502e+00 -7.694536660124821070e-01 4.736848250593396481e-02 6.369437045179339174e-01 1.817007031771640158e+01
6.149593708107905510e-01 -8.460208559280789353e-02 7.840073082346478150e-01 8.344712953625720075e+00 9.103491746081089631e-02 9.951973064045671613e-01 3.598562390723854254e-02 -3.330835137756391617e+00 -7.832864201905288537e-01 4.924234395758460975e-02 6.197076532581005104e-01 1.869366930019553763e+01
5.934583611990068563e-01 -8.546664622568582448e-02 8.003140795374754646e-01 9.043536976648850256e+00 9.577907224438368672e-02 9.947796632658219007e-01 3.521066419051321200e-02 -3.402373031857367724e+00 -7.991455079289302432e-01 5.575727697498684271e-02 5.985462247991706342e-01 1.912918925760886424e+01
5.711486739867864815e-01 -9.008379373378826160e-02 8.158885354689432434e-01 9.833583754708369540e+00 1.026963165024735170e-01 9.939920807352514709e-01 3.785776026685459122e-02 -3.505565860427510394e+00 -8.143971136859163851e-01 6.216633769273466337e-02 5.769685326583356977e-01 1.961288586507510345e+01
5.532744479106493918e-01 -9.228082070162306472e-02 8.278717505868857796e-01 1.052725487441922780e+01 1.076737911089111210e-01 9.934298136698710424e-01 3.877576588635847643e-02 -3.551696883783245440e+00 -8.260107384274089082e-01 6.768644947457343186e-02 5.595755575077639987e-01 1.990217728983000711e+01
5.315228033668455421e-01 -9.559644882681513078e-02 8.416322406328943240e-01 1.123147185585730057e+01 1.102539140070628587e-01 9.929660748948928584e-01 4.315609521201169835e-02 -3.638790246322905375e+00 -8.398378319337406195e-01 6.985479997485592729e-02 5.383239944246397402e-01 2.027404393490979118e+01
5.110996250362699334e-01 -9.988881935667935641e-02 8.536974856793874133e-01 1.190579950581077995e+01 1.150639441991989920e-01 9.922355514385803321e-01 4.721121907656072175e-02 -3.714114879773803946e+00 -8.517848683987649938e-01 7.410016348767421712e-02 5.186248198244967078e-01 2.059467815728279660e+01
4.862914346830708445e-01 -1.043499892588364147e-01 8.675434976389114761e-01 1.271823460787646987e+01 1.216935812459122301e-01 9.912557666646006904e-01 5.101644183706015995e-02 -3.809416339828460174e+00 -8.652810600246714223e-01 8.076561642091441284e-02 4.947379128050769515e-01 2.104571571572307320e+01
4.669036016728006500e-01 -1.122334184295481901e-01 8.771571618202630427e-01 1.339410083782292027e+01 1.294186140344988079e-01 9.899057038905855199e-01 5.777127094211965269e-02 -3.919116428329348700e+00 -8.747867449192118228e-01 8.654684969712223008e-02 4.767156319244701401e-01 2.135788790210462906e+01
4.510322115876941318e-01 -1.180334812774344738e-01 8.846683228237783858e-01 1.402945019874273669e+01 1.378973715795127342e-01 9.885299384009120782e-01 6.158632800017500158e-02 -3.969315113162729780e+00 -8.817903713591849213e-01 9.421601871557096219e-02 4.621353511641487777e-01 2.150937188921787779e+01
4.286668124246207356e-01 -1.230090228848568640e-01 8.950494646747867433e-01 1.464393113024508608e+01 1.470929131273322477e-01 9.869717882920314711e-01 6.519481592381015655e-02 -4.038430941828281107e+00 -8.914081213638483936e-01 1.037085792234041376e-01 4.411758059572530866e-01 2.187844698779509756e+01
4.133940312913884640e-01 -1.272413473357297264e-01 9.016179980572911479e-01 1.508908949662821541e+01 1.598011289161351545e-01 9.849582203095235133e-01 6.573357925610598396e-02 -4.058601043034447464e+00 -8.964200879552951529e-01 1.169057046207672979e-01 4.275091602964053439e-01 2.208596883761578411e+01
3.982429198160462036e-01 -1.316475779481216801e-01 9.077838355229610467e-01 1.594692293859343479e+01 1.658476261905593163e-01 9.836712556833795418e-01 6.989581982660385273e-02 -4.152738523507036206e+00 -9.021624807668197077e-01 1.227182788449612538e-01 4.135735512988985563e-01 2.247429945984488953e+01
3.856860993784162472e-01 -1.359919861881947190e-01 9.125526902260755469e-01 1.652920784318506620e+01 1.722702073491353958e-01 9.822980572402868482e-01 7.357650713262284259e-02 -4.206186074023063881e+00 -9.064045500802295763e-01 1.288282051203878398e-01 4.022860737824641708e-01 2.271799672797260428e+01
3.787367371801422800e-01 -1.353675103996883622e-01 9.155512661988539636e-01 1.801021154377129463e+01 1.720061859043962860e-01 9.823062150325549968e-01 7.408354688478427374e-02 -4.255939006588434381e+00 -9.093802042714358436e-01 1.294223204729301469e-01 3.953194999524294317e-01 2.310652689289251072e+01
3.728664794320003528e-01 -1.368934880703775170e-01 9.177313122259186384e-01 1.879428404036484679e+01 1.766176739625447412e-01 9.814454620474274416e-01 7.463914703802863870e-02 -4.292332560613412618e+00 -9.109208449475966196e-01 1.342571337040583401e-01 3.901259236317466961e-01 2.331266198789326438e+01
3.704394740200715463e-01 -1.331189390459748267e-01 9.192681568263977310e-01 2.012719856303390031e+01 1.754127865583697543e-01 9.818950538425377239e-01 7.150145139351857249e-02 -4.336751036033711593e+00 -9.121430536925437815e-01 1.347644289374078930e-01 3.870834513300878688e-01 2.360582195580297338e+01
3.801433724532216063e-01 -1.300892208379282877e-01 9.157334825164292758e-01 2.140045927790446001e+01 1.732512217195890103e-01 9.825507997148452688e-01 6.766047703333956387e-02 -4.325047080992776571e+00 -9.085565643109729805e-01 1.329312626942575071e-01 3.960482910529320444e-01 2.356905938230397979e+01
3.753723837635867810e-01 -1.243718179589514555e-01 9.184918205434516869e-01 2.251880409416761708e+01 1.783405940218140695e-01 9.821314077729305092e-01 6.010432921096479919e-02 -4.352440310605789620e+00 -9.095549494294383752e-01 1.412428715494649933e-01 3.908455515991846596e-01 2.397070235892799062e+01
3.715463957158686159e-01 -1.221574735775337178e-01 9.203427771649532740e-01 2.370658726187015120e+01 1.800651644885924718e-01 9.819642418717715593e-01 5.764342306703915814e-02 -4.418748729680480380e+00 -9.107852723711793441e-01 1.443044674788115100e-01 3.868415803625717131e-01 2.436444088578738842e+01
3.681359258216665986e-01 -1.221008107927669811e-01 9.217197687600990896e-01 2.488733670262849529e+01 1.802547281404282276e-01 9.819037666671199815e-01 5.807947992135550214e-02 -4.508518119725250628e+00 -9.121316643459124185e-01 1.447632032274205616e-01 3.834833006649580045e-01 2.474619243605303609e+01
3.634635879604325992e-01 -1.212425904466438303e-01 9.236852572650026127e-01 2.617681202042099642e+01 1.813455922056260161e-01 9.817367480821961312e-01 5.750420552078334968e-02 -4.614807731217942077e+00 -9.137877195577313039e-01 1.466055651289293327e-01 3.788123702556536188e-01 2.521690086359548388e+01
3.599259023418853731e-01 -1.178941584605359416e-01 9.255021946080191908e-01 2.739130688123734814e+01 1.816286952945000421e-01 9.818592103105315827e-01 5.443811324788244699e-02 -4.703913681210304176e+00 -9.151307894880361671e-01 1.485040690663166629e-01 3.748095244277396265e-01 2.567115877320074446e+01
3.553860538215141140e-01 -1.189607912297108855e-01 9.271186994658087155e-01 2.868200467851780999e+01 1.806964165261379929e-01 9.819017656735140598e-01 5.672501760104896318e-02 -4.833271290940849063e+00 -9.170875409707531789e-01 1.473677465296517053e-01 3.704499824254109397e-01 2.613624875648276813e+01
3.542379982681812534e-01 -1.176233886816191454e-01 9.277285050153434298e-01 2.986189433472860344e+01 1.823301335517448496e-01 9.817064222674566354e-01 5.484726864507192406e-02 -4.898119244908277992e+00 -9.172083530921167904e-01 1.497238755639000718e-01 3.692040060781709987e-01 2.654490387163966147e+01
3.584350583598541196e-01 -1.170578231662245672e-01 9.261866847316218010e-01 3.105110456557695997e+01 1.839010380525414323e-01 9.815212442447072139e-01 5.288152134262498472e-02 -4.933878374180363124e+00 -9.152621029747516346e-01 1.513721015639847289e-01 3.733386796547286668e-01 2.681041414265346390e+01
3.615526642134717639e-01 -1.167002276425796181e-01 9.250193121596486101e-01 3.232995306515614686e+01 1.847778206358980657e-01 9.814250848029986152e-01 5.159418494815629780e-02 -5.000097343793801663e+00 -9.138582100091829918e-01 1.522690375210479785e-01 3.764004678679665483e-01 2.717712375928042690e+01
3.662266293626711411e-01 -1.181861491777086715e-01 9.229897562206201833e-01 3.352897282188783379e+01 1.902578513981285357e-01 9.804573343025619891e-01 5.005362717795885930e-02 -5.079105961778862977e+00 -9.108677214211867712e-01 1.572750767122569615e-01 3.815554275831075093e-01 2.748236129702416974e+01
3.726992190323477616e-01 -1.173644648259269119e-01 9.205003392333976908e-01 3.460878228506625476e+01 2.002992112121267099e-01 9.787599635493747785e-01 4.369393253777432290e-02 -5.105027534456232807e+00 -9.060769934837088480e-01 1.680907973356632890e-01 3.882910837639488300e-01 2.777353671329194640e+01
3.828107963545088199e-01 -1.180809457413582592e-01 9.162493025630371601e-01 3.579798233834015520e+01 1.984203028632997579e-01 9.791606179090974749e-01 4.328819408915064726e-02 -5.209228478534633666e+00 -9.022667441538907429e-01 1.652312760608278530e-01 3.982629129171409432e-01 2.802953472516378497e+01
3.862185130480721429e-01 -1.165584944187902788e-01 9.150133209728472661e-01 3.665072554138805572e+01 1.961941649976834123e-01 9.796659213903369245e-01 4.198252121149427529e-02 -5.281233933864451835e+00 -9.013007876396186280e-01 1.633058475537118581e-01 4.012332119291281973e-01 2.833038204474101818e+01
3.907293618111246647e-01 -1.152402317189003267e-01 9.132635188224937917e-01 3.808919521187635127e+01 1.966215382284880187e-01 9.796835134993401306e-01 3.949916558916478915e-02 -5.403913207241697769e+00 -8.992611058659965018e-01 1.641337941161132019e-01 4.054498256328560313e-01 2.881240542795527659e+01
3.958379255740642200e-01 -1.135820637315592824e-01 9.112691432698128979e-01 3.943126393811689212e+01 1.967952068842983293e-01 9.797599395013961709e-01 3.663478532180875630e-02 -5.513731730689853450e+00 -8.969860552007415944e-01 1.648319621514233169e-01 4.101785477432020599e-01 2.931195850384720103e+01
4.089173330633300019e-01 -1.137316435649380064e-01 9.054566405810876573e-01 4.095587147028770403e+01 1.960906123892093289e-01 9.799774650581914992e-01 3.453461612546466358e-02 -5.634348085171771103e+00 -8.912547820086015316e-01 1.634297440190297379e-01 4.230314791084393566e-01 2.973935778001080976e+01
4.107833077132738708e-01 -1.125992085297789075e-01 9.047532770554667092e-01 4.222602057543065968e+01 2.024593125004338356e-01 9.788342146463582250e-01 2.989660548431215953e-02 -5.765219672023261133e+00 -8.889697975105762540e-01 1.708946999649186560e-01 4.248855147423890033e-01 3.033290233258116331e+01
4.123078809217459728e-01 -1.138882429614694325e-01 9.038980470412388835e-01 4.367696400123477218e+01 2.033342276064873111e-01 9.786325129903109543e-01 3.055480980023061316e-02 -5.951201079395376681e+00 -8.880638508651812479e-01 1.711954223494414340e-01 4.266552755481895498e-01 3.095888575272243770e+01
4.135992189897670368e-01 -1.140682906411439879e-01 9.032851770738075103e-01 4.513938465308771697e+01 2.024163748097781435e-01 9.788112148608948404e-01 3.092275652965706736e-02 -6.128334209206911076e+00 -8.876729675167117639e-01 1.700500830130104446e-01 4.279248438772206842e-01 3.157680567695928531e+01
4.225205262291041319e-01 -1.125399493657424366e-01 8.993392934325920018e-01 4.655014946076035187e+01 2.033711088548648682e-01 9.787313446417608143e-01 2.692855545437363579e-02 -6.246724009387725651e+00 -8.832420942177894307e-01 1.715217619209641331e-01 4.364214570679378347e-01 3.207262805186577026e+01
4.332123664528141904e-01 -1.124951077982874886e-01 8.942437566311551844e-01 4.786959941492148829e+01 2.077932002477501094e-01 9.779172586139055490e-01 2.235668212967342749e-02 -6.335787801320207357e+00 -8.770114203835399636e-01 1.761325808205275456e-01 4.470215682608015828e-01 3.253507071119641125e+01
4.437977916525960853e-01 -1.133729581515380558e-01 8.889263706765843098e-01 4.933437091939666175e+01 2.049185194854342695e-01 9.785205296118066887e-01 2.249385471884244106e-02 -6.465144773681656964e+00 -8.723828978700693959e-01 1.721747527606282413e-01 4.574974688625467745e-01 3.300636359379439000e+01
4.436992453329605124e-01 -1.107334503466203685e-01 8.893082045417592951e-01 5.056114681224170937e+01 2.012313720978613774e-01 9.793068759799160583e-01 2.154013793020288781e-02 -6.603017660089382623e+00 -8.732908533670630247e-01 1.693993672738239031e-01 4.568007659720506597e-01 3.359364801861929806e+01
4.517112274709735309e-01 -1.043245388017826347e-01 8.860436544439866946e-01 5.177439097072649332e+01 2.093632619643426562e-01 9.778019093309466836e-01 8.393488451629443209e-03 -6.658885453185667380e+00 -8.672508238775653577e-01 1.817135567659501627e-01 4.635258264338124046e-01 3.414356357553465671e+01
4.676360864556762809e-01 -1.042901634388068294e-01 8.777471460815574611e-01 5.379728999235315001e+01 2.014564848354195303e-01 9.794557017342863103e-01 9.045057099679804785e-03 -6.868199487079325039e+00 -8.606577573938281045e-01 1.725980595200490575e-01 4.790387609450156292e-01 3.466657294742184803e+01
4.767291704173991507e-01 -1.014555096903303061e-01 8.731758572169797672e-01 5.495116035072199878e+01 2.043071659297791276e-01 9.789043705920822402e-01 2.194353080932466039e-03 -6.977149539540217660e+00 -8.549782921354663889e-01 1.773499726224299911e-01 4.874003561631249926e-01 3.516467316357196893e+01
4.872384671907873943e-01 -9.988655584710101620e-02 8.675375219842479391e-01 5.628961309491572251e+01 2.019186796307245180e-01 9.794020828207776752e-01 -6.379517934273593949e-04 -7.121203472187989547e+00 -8.496043331491176520e-01 1.754828656231402773e-01 4.973713310665698328e-01 3.567949656473594899e+01
5.035633549663038888e-01 -9.751088522966815109e-02 8.584378689205176549e-01 5.799550131614538628e+01 2.053243710330263649e-01 9.786499970507492874e-01 -9.278250505560942107e-03 -7.250835262434047301e+00 -8.392054874671471820e-01 1.809304024598341609e-01 5.128336370312963632e-01 3.620318525833581447e+01
5.160050166351309864e-01 -9.535518753944846604e-02 8.512615409007319167e-01 5.964100292552583227e+01 2.041060358073167325e-01 9.788475976026413949e-01 -1.407504225724429472e-02 -7.428950734723207994e+00 -8.319131859481501134e-01 1.810104109625650659e-01 5.245528402065512408e-01 3.681542689471638852e+01
5.255414113522149933e-01 -9.356282665582196789e-02 8.456076054660863761e-01 6.114572227216136469e+01 2.034588665854257794e-01 9.789155092900383437e-01 -1.813602159192065355e-02 -7.627307133139554551e+00 -8.260815423199434626e-01 1.815775953678771815e-01 5.334968250127837264e-01 3.744409066383986584e+01
5.267523335933037565e-01 -9.222425473294058873e-02 8.450009857349016773e-01 6.269764520027116816e+01 2.017166494576660973e-01 9.792621782092303384e-01 -1.886742325996017960e-02 -7.879005508183683837e+00 -8.257374718308364558e-01 1.803892268619453620e-01 5.344318052348353554e-01 3.825433509774345708e+01
5.307044586638395289e-01 -8.951723471526007447e-02 8.428163751632060663e-01 6.399618464648940375e+01 2.040051985486142638e-01 9.786628794354848004e-01 -2.451218840024388390e-02 -8.074082484069863952e+00 -8.226388372302027019e-01 1.849476496308101459e-01 5.376427348868159095e-01 3.895507215205886098e+01
5.269589896601224455e-01 -8.915828756352718598e-02 8.452011730795886413e-01 6.523106446568333183e+01 2.064481120445773032e-01 9.781243099408113428e-01 -2.553451264511785376e-02 -8.333869692320268641e+00 -8.244352007584399011e-01 1.879458274650778193e-01 5.338379582690352398e-01 3.979805819639136644e+01
5.306370984454789053e-01 -8.827830563213125148e-02 8.429894486338922466e-01 6.630205848623491249e+01 2.028182854603476082e-01 9.788931612824475215e-01 -2.515793865491170248e-02 -8.477608343425268700e+00 -8.229757061033355914e-01 1.843234102038014133e-01 5.373414813826968839e-01 4.027256505310200652e+01
5.331741239193735771e-01 -8.827912996277538504e-02 8.413870386426297587e-01 6.722354319627187635e+01 1.988796478517942945e-01 9.797485460367220123e-01 -2.323084607280069200e-02 -8.631824931170051229e+00 -8.222969288846642133e-01 1.797208439550814496e-01 5.399334949740721701e-01 4.071828547362505901e+01
5.388155728370401798e-01 -8.598084262826351243e-02 8.380245063058809896e-01 6.803041242336432504e+01 1.975344550176269531e-01 9.799386303788112373e-01 -2.646544487008340926e-02 -8.751879973374313337e+00 -8.189370656828135475e-01 1.797987079826091905e-01 5.449903733632371905e-01 4.115630301380337386e+01
5.404474754837925721e-01 -8.699702548414890713e-02 8.368679966399097392e-01 6.941290290375704330e+01 1.970772836289594321e-01 9.800591388863579834e-01 -2.538953648139791186e-02 -8.989986139874700299e+00 -8.179713139961698465e-01 1.786493824288773458e-01 5.468156249021719484e-01 4.185164269710008966e+01
5.434378160655933820e-01 -8.413621419144158564e-02 8.352223880688199875e-01 7.042356097467374809e+01 1.989543685356381097e-01 9.795253573659007396e-01 -3.077715902690909139e-02 -9.168788418146585073e+00 -8.155320345090306677e-01 1.828966148913459544e-01 5.490503883532381613e-01 4.249642655411962977e+01
5.424291118372978060e-01 -8.371408002767194434e-02 8.359202183441392098e-01 7.201057693535267390e+01 1.963733503368844668e-01 9.800920942435904504e-01 -2.927446120184416106e-02 -9.454175797498230338e+00 -8.168281128296589477e-01 1.800317738798096201e-01 5.480696985647178776e-01 4.334267942900804371e+01
5.531827484756489666e-01 -8.427630398470251083e-02 8.287860709348329191e-01 7.360006029173771935e+01 1.856552217010312422e-01 9.823211019570226021e-01 -2.402896803978538456e-02 -9.691894130491046866e+00 -8.121089738723884510e-01 1.671608723254137119e-01 5.590494229666439496e-01 4.385489616550439251e+01
5.488248014505836547e-01 -7.985559099310739206e-02 8.321144283689959620e-01 7.507971690626570194e+01 1.856694665575814029e-01 9.822075315621341396e-01 -2.819954132284018325e-02 -9.953258532458789887e+00 -8.150571676274901423e-01 1.699748496976425105e-01 5.538865984741927484e-01 4.486160887252187734e+01
5.520753658295166622e-01 -7.352550202778553035e-02 8.305460799954197393e-01 7.667728234995199443e+01 1.831634427219120675e-01 9.824671678865034563e-01 -3.477667717458716307e-02 -1.014414766547760394e+01 -8.134272823642303418e-01 1.713250261246439810e-01 5.558631052057027011e-01 4.565258165622038433e+01
5.454455544102049247e-01 -7.276476888678046206e-02 8.349816977533023321e-01 7.830080043412955604e+01 1.878439743659111594e-01 9.814951171828586451e-01 -3.717494103024743951e-02 -1.047906549666321574e+01 -8.168254332894854253e-01 1.771231869491858291e-01 5.490205717242293559e-01 4.673659618526497894e+01
5.446425770376507325e-01 -6.832383150388783577e-02 8.358805640319704189e-01 8.004981405701397534e+01 1.881988403892204675e-01 9.812142799111451819e-01 -4.242326454412791159e-02 -1.080985793830774533e+01 -8.172794257498057213e-01 1.804172689823676512e-01 5.472695398969356084e-01 4.778153701808801657e+01
5.452219598295993119e-01 -6.558423067753924030e-02 8.357222763609907235e-01 8.180252922702901230e+01 1.880142575801160010e-01 9.811040749754087464e-01 -4.566654150713361088e-02 -1.113622648251801550e+01 -8.169355258930546260e-01 1.820261045923349252e-01 5.472502569947049755e-01 4.874948195519125704e+01
5.414098644440192842e-01 -6.462450332951633070e-02 8.382714549906324919e-01 8.320866112492853972e+01 1.878483604465848167e-01 9.811349280819429142e-01 -4.568639157503780190e-02 -1.146145191513394046e+01 -8.195049433409374862e-01 1.822029814987405627e-01 5.433357354092672731e-01 4.967542258958127377e+01
5.116605073680560167e-01 -6.695178036243003283e-02 8.565751480787628935e-01 8.492146339170923852e+01 1.936378031383204634e-01 9.802958503058941675e-01 -3.904416817896062819e-02 -1.198469827482900918e+01 -8.370829865644283663e-01 1.858426887970635599e-01 5.145430678038989125e-01 5.125674129447869376e+01
5.095810168229972792e-01 -6.747371057721934795e-02 8.577729802660911673e-01 8.663950898696116099e+01 1.958856747778334462e-01 9.798391198197012875e-01 -3.929505933019430963e-02 -1.233339741013332613e+01 -8.378281385287009719e-01 1.880494553352164977e-01 5.125245483268616731e-01 5.219782158910633996e+01
5.080269145730805791e-01 -6.110104256806422884e-02 8.591712964633078098e-01 8.832905392204341410e+01 1.805060133800077682e-01 9.828839395666200129e-01 -3.683395818584072473e-02 -1.266118314753776808e+01 -8.422150753833652637e-01 1.737982276637905499e-01 5.103606008087916424e-01 5.308118746787636866e+01
5.212661618590993529e-01 -6.970293385056315627e-02 8.505428205054088586e-01 8.990494596010331918e+01 2.011103259841198476e-01 9.786219896572351251e-01 -4.305389810289408231e-02 -1.291024840798562323e+01 -8.293589242802167361e-01 1.934954841124638947e-01 5.241405082082827294e-01 5.368675771633310490e+01
5.322421023660710571e-01 -6.338242868539280261e-02 8.442162117626471618e-01 9.146842369847443877e+01 1.977682017637913958e-01 9.789113341635589105e-01 -5.118923927170611343e-02 -1.312363996402844890e+01 -8.231683198714920824e-01 1.942041904286315179e-01 5.335528554697246406e-01 5.439499488345957445e+01
5.408671222974396064e-01 -6.576555333207056986e-02 8.385330333460946362e-01 9.330479743293169292e+01 2.063420390781660896e-01 9.768484694279292446e-01 -5.648035663268915346e-02 -1.342636508306397580e+01 -8.154052482825605574e-01 2.035729838932888169e-01 5.419154189557909840e-01 5.529127500642308490e+01
5.459403423504750608e-01 -6.190673603515498002e-02 8.355337806622235020e-01 9.521544014131217182e+01 2.021693305590854250e-01 9.775310762826974198e-01 -5.967040039133187507e-02 -1.380989686869879840e+01 -8.130662361551669326e-01 2.014957839138173668e-01 5.461892938253346541e-01 5.627582322828009609e+01
5.515948400195653800e-01 -5.457816618472471903e-02 8.323246699694122341e-01 9.688502053935569336e+01 1.997390021081652811e-01 9.774676022001135278e-01 -6.827457569237475876e-02 -1.408630337398925647e+01 -8.098440982686828660e-01 2.039076026661379160e-01 5.500674741105158194e-01 5.712401598075054920e+01
5.508184836485647828e-01 -5.096032393057964988e-02 8.330678504515550697e-01 9.892961408314290850e+01 1.970468949522953539e-01 9.778582217426136092e-01 -7.046857001536582787e-02 -1.453704422537201069e+01 -8.110311456786024609e-01 2.029688240968088309e-01 5.486639565198380142e-01 5.827498370906946690e+01
5.472395501248984440e-01 -5.533657191434051409e-02 8.351447411005211707e-01 1.008296742873440905e+02 2.004093761064710266e-01 9.774489661858711820e-01 -6.655524375107430002e-02 -1.501653089196401147e+01 -8.126284247721747844e-01 2.037924981713467587e-01 5.459887003788325144e-01 5.939871818757286803e+01
5.359120916177912974e-01 -5.155938025061727187e-02 8.426979650895127794e-01 1.024652127347280839e+02 1.904231071525497310e-01 9.797956487564727368e-01 -6.115167160617420578e-02 -1.547235138523843645e+01 -8.225188571213453148e-01 1.932410851398650153e-01 5.349024328732802092e-01 6.051364862307680426e+01
5.123135098676040444e-01 -5.745945987890394707e-02 8.568741319922964506e-01 1.041209208862796771e+02 1.725698955932707113e-01 9.842955758214587680e-01 -3.717325050636904882e-02 -1.608199167317612677e+01 -8.412814622598419056e-01 1.669150379345901991e-01 5.141836941883989320e-01 6.167093861768966434e+01
4.986228015863287122e-01 -6.263331073763635237e-02 8.645532777823664583e-01 1.057001326673826611e+02 1.643312975071676563e-01 9.861291387169888178e-01 -2.333551869745924615e-02 -1.645843320538863708e+01 -8.510995984006832771e-01 1.537087836114477690e-01 5.019990870936686944e-01 6.237904195157452136e+01
5.084508429171196164e-01 -5.595768300119422639e-02 8.592708991057470547e-01 1.076949214216375310e+02 1.594129988449853041e-01 9.867539539289625905e-01 -3.006875795215945696e-02 -1.668642365700092611e+01 -8.462063791629751419e-01 1.522674361729195736e-01 5.106362616826242151e-01 6.313029239689199557e+01
5.323494147314293823e-01 -7.653095361855910550e-02 8.430581912141824619e-01 1.068499060623177428e+02 2.086230941375576409e-01 9.770485615275897873e-01 -4.304082956121910858e-02 -1.621374688124233998e+01 -8.204148372790256438e-01 1.987941688155855646e-01 5.360973542346043619e-01 6.259734913624964747e+01
5.226839754513374903e-01 -6.989560338609412948e-02 8.496564402355054613e-01 1.085619126548809277e+02 1.901499462383516026e-01 9.810849482798714716e-01 -3.626737106840557251e-02 -1.662830397028834639e+01 -8.310502149400673666e-01 1.805185001210531937e-01 5.260880262485609915e-01 6.364122227678980437e+01
4.780111619781903243e-01 -7.323576069629800234e-02 8.752952943889773518e-01 1.112468692070728196e+02 1.899861636453621938e-01 9.815485107311154866e-01 -2.162819236152804109e-02 -1.746146227765584413e+01 -8.575608355373818270e-01 1.766325124000212021e-01 4.831049253688865508e-01 6.583456895192503566e+01
4.741752891750204979e-01 -7.231538005643746436e-02 8.774555720622385646e-01 1.131299129793786022e+02 1.919078707975497011e-01 9.811470074184730494e-01 -2.284554573010824652e-02 -1.781358825836095150e+01 -8.592608243494695985e-01 1.792234238068451391e-01 4.791135565784114814e-01 6.682501147388249763e+01
4.624705775068023716e-01 -7.419219461506354474e-02 8.835250325818264638e-01 1.148585338333441257e+02 1.913057015256510729e-01 9.813703900288817117e-01 -1.772811716794935738e-02 -1.819309130939729258e+01 -8.657500179060336754e-01 1.772221087583094878e-01 4.680483208632993386e-01 6.787597081267179533e+01
4.665528149133278402e-01 -6.993837307444783491e-02 8.817239334781279414e-01 1.166924260500343848e+02 1.913544092436601785e-01 9.812415429879929318e-01 -2.342059729240243346e-02 -1.843923897061376493e+01 -8.635461545044668119e-01 1.796487080004249559e-01 4.711840200540741153e-01 6.861294580220999251e+01
4.712183689770397255e-01 -6.899879887225919550e-02 8.793136041781662859e-01 1.181056806086016167e+02 1.958665396366056355e-01 9.802294214445425036e-01 -2.804603332489450165e-02 -1.864067263400120567e+01 -8.599939228793379575e-01 1.854439189854016901e-01 4.754166651706011049e-01 6.920715635695762558e+01
4.838510209167682374e-01 -7.054905227288951752e-02 8.723021384710640813e-01 1.196666375363909651e+02 1.972143179294801874e-01 9.798969682130458381e-01 -3.014041291146748666e-02 -1.889451041254352148e+01 -8.526398432875416100e-01 1.866139408250642728e-01 4.880374316877021390e-01 6.978314898724761406e+01
4.763825195430355097e-01 -6.957895275075857977e-02 8.764807267749421538e-01 1.212452981734180071e+02 1.991246037626324961e-01 9.795003502942228879e-01 -3.047057514800883063e-02 -1.919581837829512239e+01 -8.563930681936862133e-01 1.890445267855781208e-01 4.804717261631670788e-01 7.066414456023893820e+01
4.718085080436256740e-01 -6.656269040128144632e-02 8.791849293431859280e-01 1.228760316387302680e+02 2.000874681346163642e-01 9.792140353348931514e-01 -3.323970665655635176e-02 -1.950689838441191881e+01 -8.586976981645629836e-01 1.915966629398272447e-01 4.753198732613598265e-01 7.157792383310938078e+01
4.609480379024638030e-01 -6.876441785633950754e-02 8.847589282910562902e-01 1.245959866112556540e+02 2.049913054929211886e-01 9.782801688749770408e-01 -3.076484776877206131e-02 -1.993862501668542109e+01 -8.634265869349678768e-01 1.955488839722852035e-01 4.650324321496481228e-01 7.268805831910142956e+01
4.613400446488845619e-01 -6.784784210991226527e-02 8.846253633738889732e-01 1.264749884446862183e+02 2.085348734795612058e-01 9.774311437830912608e-01 -3.378706417732502826e-02 -2.029100218368705200e+01 -8.623680013464207761e-01 2.000625639241068177e-01 4.650767686843581550e-01 7.361016410021770184e+01
4.561659417103758885e-01 -6.462260571731318071e-02 8.875452396660027388e-01 1.283793054529442657e+02 2.110286446025092799e-01 9.767663338868358691e-01 -3.734220323543650799e-02 -2.064029474962747912e+01 -8.645111594309851100e-01 2.043317102545587904e-01 4.592047554236921014e-01 7.456216726452174726e+01
4.564207681798706506e-01 -6.236482727564787720e-02 8.875757492704314799e-01 1.304356847956507863e+02 2.079294456246446876e-01 9.773957328317967042e-01 -3.824822982050632425e-02 -2.101415998188721446e+01 -8.651274056555577907e-01 2.020104199318750737e-01 4.590711951567240101e-01 7.546600183742502566e+01
4.525116505597251981e-01 -6.566538630391324793e-02 8.893375417406276240e-01 1.323643670515528186e+02 2.085963991836014553e-01 9.774116983705567474e-01 -3.396931167978276683e-02 -2.142406782918252617e+01 -8.670183091234803241e-01 2.008841181624871075e-01 4.559877440400470494e-01 7.638570623171231944e+01
4.514253018567885856e-01 -6.311991642289982440e-02 8.900736334676274675e-01 1.338637148301359900e+02 2.110102038316033768e-01 9.767545381271303118e-01 -3.775269694975476320e-02 -2.169157464217641618e+01 -8.670005136806100410e-01 2.048571414395910784e-01 4.542506586442635608e-01 7.711404293119127829e+01
4.396595263370430273e-01 -6.439007251023731726e-02 8.958534586991355742e-01 1.353688123211993286e+02 2.167211530371814798e-01 9.755606045829006145e-01 -3.624153159096519389e-02 -2.199191566658696573e+01 -8.716257469391952561e-01 2.100843291346369268e-01 4.428692040825693566e-01 7.791788157320500829e+01
4.529136853964878529e-01 -6.068390998622309046e-02 8.894867377591111346e-01 1.364235419937070333e+02 2.161616928791666170e-01 9.753870788554559468e-01 -4.352205111678731503e-02 -2.212452919512928773e+01 -8.649527825911504930e-01 2.119846915948956634e-01 4.548836932856936133e-01 7.827784770390036329e+01
4.367745377316250566e-01 -6.200693502260063578e-02 8.974314142030126451e-01 1.368685574388917416e+02 2.193214148359472482e-01 9.748573600181348331e-01 -3.938584279675265420e-02 -2.224043948044487706e+01 -8.724254238521902405e-01 2.140286607619522052e-01 4.393923214949957967e-01 7.866702289438914875e+01
4.370831636169210666e-01 -6.219958634172258194e-02 8.972678081495698565e-01 1.369200766288246598e+02 2.195791760362101053e-01 9.747992163608056870e-01 -3.938874501171633902e-02 -2.226110555026575710e+01 -8.722059926037387667e-01 2.142374832779204430e-01 4.397260592969900461e-01 7.868221636931887986e+01
4.292268255242582820e-01 -6.407027693811036262e-02 9.009213794019051980e-01 1.374289836459115008e+02 2.012102075204303953e-01 9.791969459295057909e-01 -2.622581689658704321e-02 -2.234742719635821473e+01 -8.804991678814608758e-01 1.925314018423524565e-01 4.331891903829835910e-01 7.856964849969072873e+01
4.251250382291050789e-01 -6.355332479834187309e-02 9.029007015047496587e-01 1.377153017949958667e+02 1.971371610143470288e-01 9.800861467932471260e-01 -2.383452561198438902e-02 -2.239733266758723573e+01 -8.834057061270871314e-01 1.881279345844761586e-01 4.291878826470678088e-01 7.860142968668466779e+01
4.161653091070529054e-01 -5.992230060159522281e-02 9.073123791652105696e-01 1.397933038760018007e+02 2.019744392212465545e-01 9.789908842107548637e-01 -2.798525564447370759e-02 -2.280121407804517020e+01 -8.865736074331825867e-01 1.949004015461106298e-01 4.195248170014145295e-01 7.973968853395447809e+01
4.074760235773620121e-01 -6.127314269079849746e-02 9.111579951876431771e-01 1.419831479323813141e+02 2.031463459274310268e-01 9.788285506475896680e-01 -2.502459936646513061e-02 -2.321093912018625360e+01 -8.903341239927325956e-01 1.952953415263974368e-01 4.112965806230020616e-01 8.065789518041407291e+01
