1.000000000000000000e+00 0.000000000000000000e+00 0.000000000000000000e+00 0.000000000000000000e+00 0.000000000000000000e+00 1.000000000000000000e+00 0.000000000000000000e+00 0.000000000000000000e+00 0.000000000000000000e+00 0.000000000000000000e+00 1.000000000000000000e+00 0.000000000000000000e+00
9.999944360353941741e-01 -6.881149402880856530e-04 3.264107241265466839e-03 -5.478128221103388540e-02 6.886895588960067647e-04 9.999997475546588133e-01 -1.749208689543029209e-04 -1.989449220729575807e-01 -3.263986051593502011e-03 1.771678522769546240e-04 9.999946574890322681e-01 1.397409214368295460e+00
9.999948053746542387e-01 2.813130615433392240e-03 -1.573378481662727557e-03 -1.621650725005079063e-03 -2.811153458885103790e-03 9.999952581264767160e-01 1.257434209740856393e-03 -4.297937463378467271e-01 1.576908347573285170e-03 -1.253004669480376572e-03 9.999979716676234975e-01 2.839220421885562118e+00
9.999896082806122299e-01 4.554334762165923416e-03 -2.033854987402401520e-04 -2.739253331838737218e-02 -4.554759118659346476e-03 9.999873432747288238e-01 -2.137161603708396911e-03 -6.074519631919451657e-01 1.936495751617289558e-04 2.138065766879717906e-03 9.999976955846541227e-01 4.174494424699111583e+00
9.999817591008292039e-01 2.512333163742084836e-03 -5.492690386657746345e-03 6.434075686758058965e-02 -2.529058157096769448e-03 9.999921806994875872e-01 -3.040132352699884567e-03 -8.030178402641361401e-01 5.485009612329142144e-03 3.053968231378960917e-03 9.999802937796297142e-01 5.460902917136529311e+00
9.999239641409546353e-01 9.322805896940207851e-04 -1.229621037307634945e-02 1.936181443733863417e-01 -9.946614093176431304e-04 9.999866627463425139e-01 -5.068034936037147872e-03 -9.658993340742192402e-01 1.229132154480083901e-02 5.079880149586068518e-03 9.999115552049336886e-01 6.629731505559543159e+00
9.998442446854155508e-01 -2.494316640966409183e-03 -1.747182743573291383e-02 2.501209249059964113e-01 2.369722321725211463e-03 9.999716431918554971e-01 -7.148232529645666758e-03 -1.120895340502764626e+00 1.748916194582661107e-02 7.105715774963510326e-03 9.998218031318174548e-01 7.776707826257585054e+00
9.995823486715995632e-01 1.079584995007682119e-03 -2.887841270579252079e-02 4.991509201521157069e-01 -1.348712116576833648e-03 9.999558308966329800e-01 -9.301463941243258080e-03 -1.308193291624007992e+00 2.886709545129412940e-02 9.336527837595942972e-03 9.995396540648827655e-01 9.040122089278053608e+00
9.994383435740433752e-01 3.843780778595256176e-03 -3.328997962296236651e-02 4.953795218912546705e-01 -4.302535453336866003e-03 9.998966207975702458e-01 -1.371990912041597468e-02 -1.517625914921694408e+00 3.323380180845895981e-02 1.385543456286362531e-02 9.993515604382835482e-01 1.041381638221913164e+01
9.991580259139813958e-01 9.398549205274551663e-03 -3.993628080468226982e-02 5.654070460528615172e-01 -1.017139171327966982e-02 9.997640584505713690e-01 -1.919297322087635399e-02 -1.719970640880222224e+00 3.974647207349894795e-02 1.958302079042671673e-02 9.990178793467280327e-01 1.176254519095268236e+01
9.989079392320562301e-01 1.328950748781800896e-02 -4.479194045692681120e-02 5.690742531228719647e-01 -1.424351595132297699e-02 9.996770161622123840e-01 -2.104722334086500321e-02 -1.938943251518151278e+00 4.449776615190995793e-02 2.166223321236927443e-02 9.987745974241357683e-01 1.305871285467107512e+01
9.990279183839826382e-01 1.260540545262933514e-02 -4.224123628329532615e-02 4.703543968849180357e-01 -1.350210218352724742e-02 9.996880804188053027e-01 -2.101035709336598889e-02 -2.173283225501120963e+00 4.196321634469839940e-02 2.156027880014518491e-02 9.988865014865644376e-01 1.436429516644873239e+01
9.989579343516427068e-01 1.243740786050083480e-02 -4.391305365844942049e-02 4.134904751875581597e-01 -1.331879668879921465e-02 9.997145302084295970e-01 -1.983602139801404415e-02 -2.420540375668424726e+00 4.365380911971770972e-02 2.040021999517637602e-02 9.988384133449649260e-01 1.572021061185859914e+01
9.986538402368737577e-01 1.112176243726554700e-02 -5.066373239737714113e-02 4.351338505639222309e-01 -1.195775280640260126e-02 9.997968171977705820e-01 -1.622764520902059138e-02 -2.659881015411693195e+00 5.047295838332638979e-02 1.681162459424755465e-02 9.985839222371530877e-01 1.702898177463592333e+01
9.983974600550119538e-01 6.524313402785159727e-03 -5.621338888843491199e-02 4.266668702882316366e-01 -7.467513604364389539e-03 9.998345693471767381e-01 -1.658523979072456384e-02 -2.862953142641810889e+00 5.609588216855877080e-02 1.697843552773461301e-02 9.982810149105113551e-01 1.831194166455012962e+01
9.980349514694546453e-01 6.413037961305065836e-03 -6.233063925125186672e-02 3.964007353031897551e-01 -7.723326861968827887e-03 9.997537533466543946e-01 -2.080343460736197927e-02 -3.077655238632238444e+00 6.218187732407288310e-02 2.124395474920945034e-02 9.978387186910852025e-01 1.965773292809787876e+01
9.979495793938912840e-01 7.127893477788171603e-03 -6.360684021489868001e-02 3.151620531663896774e-01 -8.649530536124962893e-03 9.996821870256994425e-01 -2.367932779918610967e-02 -3.303468424485934030e+00 6.341784140964594474e-02 2.418094452427311386e-02 9.976940710021560133e-01 2.095366381211136542e+01
9.979070008266494041e-01 6.489061552081034495e-03 -6.433902222860186926e-02 1.896008075921158664e-01 -8.102727143281624952e-03 9.996583150040059262e-01 -2.485154031836476346e-02 -3.562650344517679812e+00 6.415577537525954388e-02 2.532084760680591504e-02 9.976186100722421735e-01 2.239344279388798498e+01
9.976506896202231855e-01 1.944448266060919833e-02 -6.568876307522285296e-02 1.198008339094499136e-01 -2.130045167750015817e-02 9.993900693678445801e-01 -2.767273039059331419e-02 -3.767410042350842758e+00 6.511061556018332697e-02 2.900691888148852760e-02 9.974563681677394156e-01 2.379147026544270105e+01
9.976829664939715903e-01 2.084680396188059656e-02 -6.476194200578568039e-02 -4.162752370854061468e-03 -2.250238203191448280e-02 9.994356443807667079e-01 -2.494064041061570119e-02 -4.001942671859741729e+00 6.420546059857840104e-02 2.634015007126542726e-02 9.975890212525139189e-01 2.514647443855230691e+01
9.979861833676328953e-01 1.990802294755986135e-02 -6.022664219115803075e-02 -1.614914938454695970e-01 -2.156244293697475584e-02 9.994043145693566332e-01 -2.694581738868715923e-02 -4.201426245337900767e+00 5.965432810695343868e-02 2.819018698898959410e-02 9.978209631470139618e-01 2.649914878462304202e+01
9.982728659763951962e-01 1.980767304054951647e-02 -5.530769516071327996e-02 -3.259756281013682644e-01 -2.154272943470512611e-02 9.992886582119901995e-01 -3.095300271996526131e-02 -4.430088450509924947e+00 5.465524552844672895e-02 3.209102144833932135e-02 9.979894641120353738e-01 2.791404963899547553e+01
9.984650424844706551e-01 1.695228471783382165e-02 -5.272740254676022004e-02 -5.079912160626546269e-01 -1.878158144414747086e-02 9.992318684936277728e-01 -3.439367943662476057e-02 -4.682272647084251282e+00 5.210384952131141834e-02 3.533119060515717280e-02 9.980164807434205310e-01 2.929669732678576466e+01
9.988271935315721217e-01 9.784369861108603919e-03 -4.741838850343725598e-02 -3.907677189856317290e-01 -1.148672055019262991e-02 9.992943128130608033e-01 -3.576215360507292718e-02 -4.732590189177876105e+00 4.703501581634333961e-02 3.626489329767943609e-02 9.982347243014868532e-01 2.952728900708921600e+01
9.987544136068694511e-01 1.360268266377574753e-02 -4.800612799575668804e-02 -4.297910034087293329e-01 -1.540363610380667513e-02 9.991836419367006172e-01 -3.734672249194498361e-02 -4.983236405378261402e+00 4.745892219148963032e-02 3.803967284898038953e-02 9.981486031618568289e-01 3.084875217733155495e+01
9.987721394386814833e-01 1.297538711349668743e-02 -4.781059307655179114e-02 -5.708029372288103698e-01 -1.488749314903574719e-02 9.990944904131630055e-01 -3.985676572171950593e-02 -5.240647774384048496e+00 4.725014316183749619e-02 4.051960704786660566e-02 9.980609126781152529e-01 3.218271054364039685e+01
9.987490693907584705e-01 9.537523486816287810e-03 -4.908494715111580420e-02 -7.034261250614062266e-01 -1.158273322186148709e-02 9.990691852458251088e-01 -4.155241729852227062e-02 -5.526122491285843985e+00 4.864295100218109930e-02 4.206897595589616234e-02 9.979298896114003892e-01 3.374929812172029386e+01
9.985772471938579864e-01 1.238870769192114765e-02 -5.186522253356585371e-02 -7.522574427662521712e-01 -1.452898902877949525e-02 9.990496166785213239e-01 -4.109466987696614587e-02 -5.764849014942099892e+00 5.130682083830358925e-02 4.178975156924664286e-02 9.978082114310575790e-01 3.499611953318280655e+01
9.988012863219605242e-01 1.188711596872178353e-02 -4.748354362869655620e-02 -9.029736827561605228e-01 -1.384638800368039740e-02 9.990570894410609748e-01 -4.114862788480956601e-02 -6.023336805592086840e+00 4.694963238241283560e-02 4.175677803060415250e-02 9.980240996627578465e-01 3.637914561113908718e+01
9.985623614756805599e-01 1.150328409480664768e-02 -5.235345928532375570e-02 -9.208349882553503729e-01 -1.368935532024812343e-02 9.990409428160685890e-01 -4.159081783389020209e-02 -6.302308399523916194e+00 5.182481833081403061e-02 4.224771037831526882e-02 9.977621556126325952e-01 3.781706258352372885e+01
9.987692777363815777e-01 1.519921968313747533e-02 -4.721137120402918441e-02 -1.072872596553497759e+00 -1.722357078865422580e-02 9.989363912768640663e-01 -4.277189254684493624e-02 -6.552197324340638396e+00 4.651105738670247708e-02 4.353240062039256258e-02 9.979687628563302937e-01 3.911514295135307862e+01
9.987784948185378653e-01 1.215060649372780299e-02 -4.789447828136238205e-02 -1.149876767083954920e+00 -1.432525367448855488e-02 9.988695126830438031e-01 -4.532641326528109860e-02 -6.804355290075197793e+00 4.728959076975466913e-02 4.595714736760838498e-02 9.978234489180234368e-01 4.051361117744446005e+01
9.994727421659734823e-01 1.054672451203736948e-02 -3.070837457907759152e-02 -1.418285832076186637e+00 -1.183601595167441643e-02 9.990428483456120778e-01 -4.211052001426880687e-02 -6.792461473755891710e+00 3.023485395389655800e-02 4.245178172406442740e-02 9.986409263768618594e-01 4.035397816107890634e+01
9.993638351153765198e-01 8.224652211158719681e-03 -3.470273994202871526e-02 -1.385156249584462707e+00 -9.744900957226052679e-03 9.989897843919890441e-01 -4.386852614091826114e-02 -7.041677979796959086e+00 3.430687932197338391e-02 4.417879328872682809e-02 9.984344105922717816e-01 4.168779885052471457e+01
9.991765397109768632e-01 5.870694824391120559e-03 -4.014694799694160793e-02 -1.303831289555712925e+00 -7.654585682439032576e-03 9.989833658169307018e-01 -4.442569233113808497e-02 -7.294276661323245925e+00 3.984532355522366759e-02 4.469641779102218743e-02 9.982056804223405910e-01 4.293803840029729457e+01
9.991428007809850520e-01 5.299155736646005317e-03 -4.105584728146151330e-02 -1.373476519456409140e+00 -7.238383207434268690e-03 9.988578052514843764e-01 -4.723018840450174394e-02 -7.552818765724832240e+00 4.075867338447421856e-02 4.748688067941674723e-02 9.980399424408202824e-01 4.432655470211748394e+01
9.990134537005634918e-01 5.600114066394857280e-03 -4.405403554392396670e-02 -1.427240974346912106e+00 -7.681881252742282611e-03 9.988545758083759996e-01 -4.722843515386619673e-02 -7.843915718973414997e+00 4.373909036183434157e-02 4.752025998568968485e-02 9.979121789342040305e-01 4.580002059219957999e+01
9.990238111891812656e-01 9.621169806559002474e-03 -4.311447284364513383e-02 -1.538882040873449153e+00 -1.168468943037903780e-02 9.987853278742432339e-01 -4.786791050434059669e-02 -8.161713159701493581e+00 4.260155760001782532e-02 4.832496161084173097e-02 9.979227451939164384e-01 4.728879308965229455e+01
9.988793618439367750e-01 1.196638615710545611e-02 -4.579111359833452216e-02 -1.604867593570818984e+00 -1.428914089855811038e-02 9.986097397423375766e-01 -5.073862576102501631e-02 -8.429567525984099419e+00 4.512029404400733079e-02 5.133608179511977426e-02 9.976616489428201673e-01 4.872250032041281997e+01
9.989072789405902819e-01 1.520795325862959145e-02 -4.419237759133909371e-02 -1.714475062217287515e+00 -1.752121244874074724e-02 9.984704441730023472e-01 -5.243833738105315584e-02 -8.723256115627203044e+00 4.332730309883398023e-02 5.315534094186959158e-02 9.976458562714204392e-01 5.016619710388552278e+01
9.988266239317553641e-01 9.737570950295714595e-03 -4.744001514613314235e-02 -1.775707800790499391e+00 -1.215372277200680098e-02 9.986292171152193475e-01 -5.091143041224970023e-02 -9.015740225862066026e+00 4.687923151949666828e-02 5.142826495059010794e-02 9.975757972286185549e-01 5.154771376876723110e+01
9.989954005303849360e-01 1.208980176914883214e-02 -4.315120406552205856e-02 -1.895787352475453824e+00 -1.442332757908373377e-02 9.984268558956000961e-01 -5.418284828217753701e-02 -9.268243635185932305e+00 4.242826110822910113e-02 5.475080017320031744e-02 9.975982119770095968e-01 5.287590898968099395e+01
9.990651773120939882e-01 9.494995963686950549e-03 -4.217364738777723554e-02 -2.021387577002588642e+00 -1.190367406557995243e-02 9.982897934345076330e-01 -5.723452514195274260e-02 -9.538504512826671444e+00 4.155808015391740384e-02 5.768304236197981105e-02 9.974695948237144449e-01 5.423229286984635422e+01
9.990052861749103563e-01 1.183496127365217011e-02 -4.299269573102725700e-02 -2.097113744854336659e+00 -1.445864387242029418e-02 9.980185149336190387e-01 -6.123717389838426867e-02 -9.814158121005707613e+00 4.218276676487733162e-02 6.179787651158891171e-02 9.971968896094279833e-01 5.565350837833399567e+01
9.989636644108926822e-01 1.219725619080555545e-02 -4.385001856513066204e-02 -2.136361653560756579e+00 -1.490844540784449536e-02 9.979621129879201469e-01 -6.204320507682299646e-02 -1.011466938168618235e+01 4.300390031459647155e-02 6.263264310325133977e-02 9.971097314617045626e-01 5.706492034081381348e+01
9.989038499303236618e-01 5.741661925099856428e-03 -4.645569838782658695e-02 -2.202398210626725028e+00 -8.539044992083298299e-03 9.981471766202918428e-01 -6.024365954655622885e-02 -1.044262343553260663e+01 4.602372545748566884e-02 6.057431075361952022e-02 9.971020858326080649e-01 5.851039524292525584e+01
9.986972376499541060e-01 7.969722088144648095e-03 -5.040149839216363781e-02 -2.148347384004882343e+00 -1.118814950040514407e-02 9.978936101263610192e-01 -6.389967276702480936e-02 -1.072399648567158437e+01 4.978607055285747679e-02 6.438032617822010695e-02 9.966827583439437088e-01 5.987050061545138391e+01
9.987624249662407916e-01 3.949202677206348932e-05 -4.973546939479274454e-02 -2.233253267476104753e+00 -3.199069392660969409e-03 9.979799136509741597e-01 -6.344964857438306627e-02 -1.101991572355304960e+01 4.963249369678564976e-02 6.353023209127757476e-02 9.967449649633889353e-01 6.113738999044581135e+01
9.982169218970691205e-01 3.321854276272559036e-03 -5.959817214056088719e-02 -2.168418306612147184e+00 -7.318420111851183657e-03 9.977284050925470105e-01 -6.696618847258771490e-02 -1.133379011301421180e+01 5.924033731668957442e-02 6.728294698990898437e-02 9.959736881459059221e-01 6.263906231361330157e+01
9.980780236988998633e-01 9.005080302552679467e-03 -6.131204725037634612e-02 -2.249582817822808778e+00 -1.330635481552453273e-02 9.974504325705503271e-01 -7.011116520456849022e-02 -1.164739011218229692e+01 6.052437137890132740e-02 7.079225306178289767e-02 9.956531812712826612e-01 6.409314609732626877e+01
9.983526226731493924e-01 4.798641052119025432e-03 -5.717529051685037861e-02 -2.380685388830903193e+00 -8.614132667210831762e-03 9.977375670801413854e-01 -6.667491248879355015e-02 -1.197732821916513579e+01 5.672598628516749980e-02 6.705758928748861702e-02 9.961352529646390064e-01 6.541225565771969741e+01
9.973288176025525420e-01 1.117451194616501421e-02 -7.218282248740980067e-02 -2.161561454409338445e+00 -1.630457682578956291e-02 9.973517965306932798e-01 -7.087703952288323950e-02 -1.226168442129016434e+01 7.119965136161719721e-02 7.186462439727531182e-02 9.948698836562608339e-01 6.685040620901143882e+01
9.981515262129578847e-01 1.101751265362046345e-02 -5.976742535578462995e-02 -2.361190533590380003e+00 -1.524770301124875847e-02 9.973747032417258351e-01 -7.078989254376170936e-02 -1.230183189970462365e+01 5.883058959089845080e-02 7.157035523457946913e-02 9.956990740077964475e-01 6.709692718650525478e+01
9.979960917990573499e-01 1.473433069571098222e-02 -6.153617028014649742e-02 -2.445162795706161241e+00 -1.917808668579908463e-02 9.972014831331017515e-01 -7.225927641631443854e-02 -1.261358199837034455e+01 6.029926819514261349e-02 7.329462146765468311e-02 9.954857591744059597e-01 6.849190980524608108e+01
9.977489013352831559e-01 1.663574782335972349e-02 -6.496446550679493837e-02 -2.497545360893294042e+00 -2.136576001949663101e-02 9.971171602874788764e-01 -7.280709415310056276e-02 -1.292546731062420484e+01 6.356598290764688131e-02 7.403121338048397615e-02 9.952279865751353372e-01 6.983179271837676083e+01
9.977499794554208767e-01 1.917343736315210018e-02 -6.424451569105550652e-02 -2.628411989408951044e+00 -2.400925442259800244e-02 9.968668323637830397e-01 -7.536626722256489774e-02 -1.323472755257923694e+01 6.259819644980164910e-02 7.673915449542943745e-02 9.950842014465698382e-01 7.121973234283790077e+01
9.974566198193091093e-01 1.702113920065165958e-02 -6.921396101178144133e-02 -2.715815053815543223e+00 -2.224288364664362208e-02 9.969062428979202917e-01 -7.538698162301470107e-02 -1.359226060368958500e+01 6.771665752021614748e-02 7.673476194958134267e-02 9.947493305365077143e-01 7.271690847043696238e+01
9.970895631686143012e-01 1.957907349797805355e-02 -7.368217492156885207e-02 -2.713468075228943732e+00 -2.514605507729340134e-02 9.968361455992782449e-01 -7.540142399728054501e-02 -1.396008136761676610e+01 7.197276522589385328e-02 7.703478894453279213e-02 9.944272534268199237e-01 7.414157604314218020e+01
9.969457610149922155e-01 2.961239404095551350e-02 -7.226517635341496437e-02 -2.837766803309010211e+00 -3.573831213930227929e-02 9.957393478226805872e-01 -8.500543655019407452e-02 -1.422958424853189463e+01 6.944006508969291502e-02 8.732844506126535844e-02 9.937564188690909406e-01 7.552307484502814816e+01
9.970726369092053343e-01 3.029074466002631624e-02 -7.020418445401252483e-02 -2.957148436674303049e+00 -3.645862709190431095e-02 9.954256127406210242e-01 -8.830978434197585270e-02 -1.453183528073759945e+01 6.720807419860640175e-02 9.061081772003774792e-02 9.936159995061575323e-01 7.680737231481187166e+01
9.966182606587995485e-01 3.060915479621634933e-02 -7.625694830032266058e-02 -3.005268631379067301e+00 -3.757937675163326025e-02 9.950760101593386642e-01 -9.171436336977592529e-02 -1.485294767657522108e+01 7.307416071619038389e-02 9.426989788912337742e-02 9.928611954284436436e-01 7.822895916277497008e+01
9.970894628478477184e-01 2.224908477263002476e-02 -7.292174781611959755e-02 -3.268203421053286650e+00 -2.895263623104379902e-02 9.953194525364126299e-01 -9.220050031252961797e-02 -1.513290358149474457e+01 7.052905736680636917e-02 9.404342416877557731e-02 9.930667079494509553e-01 7.937833530548918759e+01
9.969740603915250299e-01 2.861898441613809282e-02 -7.227500700387873289e-02 -3.408539335769737111e+00 -3.551194277295232488e-02 9.947512421729066689e-01 -9.596284758144955906e-02 -1.546207650265567857e+01 6.914929375570233461e-02 9.823909571264778651e-02 9.927575007254537676e-01 8.074797081580285862e+01
9.970971004345333677e-01 2.320534939017234247e-02 -7.251816368821990821e-02 -3.564170115192538901e+00 -3.015578948502605286e-02 9.948983952990579915e-01 -9.626947279321945716e-02 -1.579011907077179977e+01 6.991423793167023115e-02 9.817685466050347920e-02 9.927100808108098029e-01 8.208625489406962572e+01
9.977908754982978135e-01 1.695189630318071072e-02 -6.423396285496900393e-02 -3.862787524460478572e+00 -2.309303805136883950e-02 9.951033893283913745e-01 -9.610388202718087025e-02 -1.592764420046882812e+01 6.229029110451604623e-02 9.737493393508638018e-02 9.932965528356829665e-01 8.257781379048559245e+01
9.977176459659384822e-01 1.375866943286906292e-02 -6.610747267600790289e-02 -3.954246681759119308e+00 -2.003049555757360073e-02 9.952596595699221282e-01 -9.516821570497673022e-02 -1.629526013645597260e+01 6.448471273015103644e-02 9.627517358170767370e-02 9.932637176379298660e-01 8.396602446052074242e+01
9.980104297599100560e-01 1.487743705024419279e-02 -6.126862131009944146e-02 -4.162699406976788197e+00 -2.088478496221223349e-02 9.949071952928016938e-01 -9.860780147473673096e-02 -1.660874510219278122e+01 5.948956082798457362e-02 9.969119630847506075e-02 9.932384696189924256e-01 8.525301539323496058e+01
9.980206088265003439e-01 9.944709951123432978e-03 -6.209643388756364707e-02 -4.271814600438771592e+00 -1.607894519340880707e-02 9.949493627488860126e-01 -9.908195136876160602e-02 -1.697226064870343976e+01 6.079746605765620759e-02 9.988427458595404429e-02 9.931398692084644209e-01 8.660727598272991656e+01
9.973655598263118094e-01 2.531994787940511967e-03 -7.249502793105810916e-02 -4.257908745822751584e+00 -9.723887830506197302e-03 9.950374051051966706e-01 -9.902529195596575240e-02 -1.734699475169924199e+01 7.188453295244232044e-02 9.946934926849737568e-02 9.924406594241843571e-01 8.800022557449344163e+01
9.976176769002876865e-01 1.379593281115503410e-03 -6.897149743507691166e-02 -4.448190686060704557e+00 -8.362400118773932398e-03 9.948455755505077880e-01 -1.010561778013575468e-01 -1.770124549807880854e+01 6.847657263846985976e-02 1.013921965929564101e-01 9.924870686662581321e-01 8.940473686160606803e+01
9.975097684014518906e-01 4.464548557644570752e-03 -7.038699986391364072e-02 -4.533306075540821212e+00 -1.170640783187125097e-02 9.946318510138818514e-01 -1.028126498265716782e-01 -1.806455225134579123e+01 6.955013989446776068e-02 1.033806014437126247e-01 9.922072511757784596e-01 9.074963115940640535e+01
9.977428586548646727e-01 6.636682289295731119e-03 -6.682172140400252647e-02 -4.711030316966999365e+00 -1.369687996234957364e-02 9.942972469755750886e-01 -1.057609575224983667e-01 -1.840313709003573805e+01 6.573875175648037639e-02 1.064374891895220332e-01 9.921438793907507714e-01 9.208845997780765913e+01
9.982594420595902740e-01 1.603825036481541441e-02 -5.675262869766738855e-02 -4.935791716924874173e+00 -2.218878599589702710e-02 9.937432805712353989e-01 -1.094620943319355028e-01 -1.872456299444303696e+01 5.464196294870877352e-02 1.105308411473499425e-01 9.923694821186160864e-01 9.338018750717841954e+01
9.981773752056377624e-01 1.389301047144413798e-02 -5.872743726409657833e-02 -5.009194299193644007e+00 -2.022562263055694906e-02 9.938740651925129788e-01 -1.086520442831201555e-01 -1.909700135466091808e+01 5.685817282303694264e-02 1.096418113574155195e-01 9.923436004658313658e-01 9.473797060893153343e+01
9.984270367822717374e-01 1.799877029917328758e-02 -5.309893115566365757e-02 -5.160962882871567459e+00 -2.341767328846111260e-02 9.943781885397046105e-01 -1.032648572082340982e-01 -1.949976020921344144e+01 5.094177853109549403e-02 1.043458788079319743e-01 9.932355575470946940e-01 9.599419239133031567e+01
9.979726924721677994e-01 2.072493000052351084e-02 -6.017459892936105614e-02 -5.112942905972800212e+00 -2.703696691968547269e-02 9.939927910875226980e-01 -1.060534473075109840e-01 -1.984598863711897110e+01 5.761516727060568555e-02 1.074653829960910412e-01 9.925380012663909124e-01 9.731863744635565183e+01
9.976899510688767014e-01 1.429146981401374986e-02 -6.641171151778967052e-02 -5.121335880968500121e+00 -2.141639343717376479e-02 9.939371365703972838e-01 -1.078438994026548192e-01 -2.017038466275646513e+01 6.446781854779290444e-02 1.090170740608132904e-01 9.919471648908049222e-01 9.848288360263943275e+01
9.973227955058676653e-01 1.593358473529327482e-02 -7.136779695232434162e-02 -5.133085746535976490e+00 -2.382636239024510730e-02 9.935183995019557512e-01 -1.111462743698922034e-01 -2.052947295184976184e+01 6.913426082336937561e-02 1.125491480578233172e-01 9.912381869418986913e-01 9.985084067849976464e+01
9.976344190177794946e-01 1.457213467352790753e-02 -6.718049480390728134e-02 -5.283784928534706715e+00 -2.207632829464830845e-02 9.934232992440829024e-01 -1.123511648716391947e-01 -2.086848410956674371e+01 6.510147248771058770e-02 1.135684877509772345e-01 9.913949752091172352e-01 1.011594213790538248e+02
9.977343037656443148e-01 1.292696404504286092e-02 -6.602387969398712531e-02 -5.396312256093843907e+00 -2.030695945130185989e-02 9.934598950629611736e-01 -1.123613113990716422e-01 -2.122406856509860518e+01 6.413958595992867717e-02 1.134474790467117633e-01 9.914715240544389463e-01 1.024958676262227470e+02
9.977108509262648806e-01 1.311679488409170716e-02 -6.634009071397800605e-02 -5.496148552429308332e+00 -2.062920460433505243e-02 9.932829347106596485e-01 -1.138571364911227235e-01 -2.159770097915989240e+01 6.440103928790763543e-02 1.149650438373956834e-01 9.912797510461414108e-01 1.038930915791919887e+02
9.979904758044665369e-01 1.018278410291573004e-02 -6.254055573362311826e-02 -5.639637712559611771e+00 -1.748518374456580274e-02 9.929365759027998228e-01 -1.173508610272153557e-01 -2.194558261815546629e+01 6.090384678307074473e-02 1.182085747411050630e-01 9.911192936799780862e-01 1.051780500934874141e+02
9.983289882665485893e-01 1.099853562741723995e-02 -5.672974000226187891e-02 -5.862340487868901384e+00 -1.785861478142184919e-02 9.923846562961405882e-01 -1.218760182565265249e-01 -2.229802314622245518e+01 5.495726580499201569e-02 1.226854765733450536e-01 9.909227885023176308e-01 1.064962234867000461e+02
9.982976755357912957e-01 1.015633359007335132e-02 -5.743343893433639630e-02 -5.909187482771945277e+00 -1.713064810698092938e-02 9.923479904003625895e-01 -1.222783989254937753e-01 -2.267079947575734877e+01 5.575205749792338378e-02 1.230541134475175574e-01 9.908326767160998694e-01 1.077333558346803954e+02
9.986827682466270506e-01 1.096477000258330552e-02 -5.012486634421992049e-02 -6.078678782371518707e+00 -1.726297567461214724e-02 9.917523778321960526e-01 -1.270008296627586353e-01 -2.301216716740306012e+01 4.831892049801167488e-02 1.276988444856166638e-01 9.906352946664799264e-01 1.090621281143134240e+02
9.986779512040802054e-01 1.030870580662036212e-02 -5.035951115126908323e-02 -6.124407107275269269e+00 -1.662040142341814769e-02 9.918182716594126092e-01 -1.265712378822509698e-01 -2.337801583061396826e+01 4.864269765675672402e-02 1.272408998204329345e-01 9.906783743362714834e-01 1.103636193707461928e+02
9.986954062335250404e-01 9.387462781173626716e-03 -5.019323769760532933e-02 -6.185063471108441568e+00 -1.560492076040966535e-02 9.920398610915971416e-01 -1.249535931992803994e-01 -2.375731838396556483e+01 4.862069534773776763e-02 1.255738410174745689e-01 9.908921426855787917e-01 1.116700880753149221e+02
9.987336539680676806e-01 9.026946011846283605e-03 -4.949346095468225293e-02 -6.280535540256696692e+00 -1.520710147975593701e-02 9.919196756621482258e-01 -1.259527732877187556e-01 -2.411429260860674262e+01 4.795656885305508293e-02 1.265459255763782265e-01 9.908008358009477989e-01 1.129451617364483837e+02
9.987373286940209871e-01 1.034411845650859071e-02 -4.916042602001722411e-02 -6.336791507513638955e+00 -1.657010669821155913e-02 9.916382935982606117e-01 -1.279801790650583471e-01 -2.449584781977337400e+01 4.742551883871926749e-02 1.286331756697011997e-01 9.905575835255630013e-01 1.142705548761159235e+02
9.988020736093794483e-01 1.485641567764186231e-02 -4.662300576750944697e-02 -6.408274615818665865e+00 -2.091731883601892494e-02 9.909845217887679469e-01 -1.323334551343074983e-01 -2.484514233504290814e+01 4.423667625733639780e-02 1.331501576727738279e-01 9.901081516609265831e-01 1.155515997158302781e+02
9.988200224182806064e-01 1.619011100854749613e-02 -4.578693178034728278e-02 -6.463358740342171060e+00 -2.203247043696885538e-02 9.912529034012336204e-01 -1.301239860481266941e-01 -2.525097457378602428e+01 4.327970728610953249e-02 1.309792418825969640e-01 9.904399553395887290e-01 1.168134393719911941e+02
9.988015887701079398e-01 1.515248557071569892e-02 -4.653803231034940591e-02 -6.463458157632255840e+00 -2.122053488209880989e-02 9.909156076614137332e-01 -1.328004043379144017e-01 -2.561592738751175347e+01 4.410300635566086203e-02 1.336288167800086801e-01 9.900496271179367591e-01 1.180821892631348362e+02
9.988741822743497645e-01 2.282954421372530157e-02 -4.158340891176825344e-02 -6.573817106438232472e+00 -2.833712102645864761e-02 9.901538996253718139e-01 -1.370848738139421319e-01 -2.598241233418912444e+01 3.804438930593528195e-02 1.381088953241104422e-01 9.896860903714320701e-01 1.194078311960457057e+02
9.985684160130465781e-01 2.014428349423183148e-02 -4.955125007181244295e-02 -6.476504652660671546e+00 -2.651477139464131216e-02 9.909654334599977688e-01 -1.314704399677373292e-01 -2.645023447181198506e+01 4.645519819207690609e-02 1.325960690590954894e-01 9.900809042856087983e-01 1.207454410610030067e+02
9.987121199374029423e-01 2.252753885627096012e-02 -4.545999871532706293e-02 -6.556677066352471606e+00 -2.841332025358060676e-02 9.906696583783334287e-01 -1.332903267334315800e-01 -2.679899660925162053e+01 4.203313838254005286e-02 1.344103342813213475e-01 9.900338768527553457e-01 1.219819806237830164e+02
9.988693868226641293e-01 2.206150213666059276e-02 -4.210983486038640672e-02 -6.631911534050662027e+00 -2.748384467349753932e-02 9.907518189485891025e-01 -1.328738933425464008e-01 -2.718701730093803803e+01 3.878899780166943090e-02 1.338810045283397310e-01 9.902379967846233200e-01 1.232752939851297640e+02
9.987405607198158730e-01 2.511324184747407498e-02 -4.343520987583008447e-02 -6.645882856216595691e+00 -3.069963912700086547e-02 9.906206878968077945e-01 -1.331472300436931377e-01 -2.758120451179819455e+01 3.968405889672838721e-02 1.343129844607227896e-01 9.901440287527536466e-01 1.245859377391532803e+02
9.987096739311471794e-01 2.555954693280363885e-02 -4.388276150051655111e-02 -6.670350159336845941e+00 -3.135351015275703035e-02 9.900909918373023144e-01 -1.368823775498861361e-01 -2.789443887306613590e+01 3.994927530534608112e-02 1.380816332580055150e-01 9.896148331342740079e-01 1.257564808031145418e+02
9.987791272810387921e-01 1.862186164983809303e-02 -4.575457546956245708e-02 -6.702344272499236588e+00 -2.444161263848711879e-02 9.911961776622474352e-01 -1.301258812049399527e-01 -2.831124432473528429e+01 4.292857415912743752e-02 1.310853296766124887e-01 9.904412016188726131e-01 1.269611988865119372e+02
9.987424406164733259e-01 2.190656729217918194e-02 -4.509589361462539719e-02 -6.781388126591306964e+00 -2.764587484351250027e-02 9.910149576246249925e-01 -1.308627501177505592e-01 -2.867518054891046120e+01 4.182395145804839592e-02 1.319448978692132068e-01 9.903743236830786500e-01 1.282134792108118120e+02
9.988191081939173932e-01 2.209609922074188756e-02 -4.326836611095189605e-02 -6.909027753979329667e+00 -2.765375791934614191e-02 9.908127776688846478e-01 -1.323831910817527546e-01 -2.904942700073815587e+01 3.994569788628551249e-02 1.334233937781401369e-01 9.902537751572070279e-01 1.295552809182530609e+02
9.988042350887602616e-01 2.572636423527133176e-02 -4.157227624229159479e-02 -7.027831565266330571e+00 -3.120713420546224887e-02 9.900674253833985361e-01 -1.370861333955762651e-01 -2.938854434513271485e+01 3.763262870719328440e-02 1.382195622113651379e-01 9.896863835976955626e-01 1.309776630582900623e+02
9.986610302737852773e-01 3.356515100470948421e-02 -3.936403498762835323e-02 -7.145818816044483768e+00 -3.881180754039567637e-02 9.892269348685328589e-01 -1.411513900960005286e-01 -2.975953277480897796e+01 3.420219595177211719e-02 1.424901820078033066e-01 9.892051141312701024e-01 1.324226921181380590e+02
9.982379303358472900e-01 2.574251905978666016e-02 -5.346360585701896706e-02 -6.907483407990395285e+00 -3.294844306363450825e-02 9.897991368991065908e-01 -1.386076069104620889e-01 -2.974113398742687409e+01 4.935012197006746065e-02 1.401249132246621398e-01 9.889032177899516052e-01 1.324051332945833792e+02
9.983215546222989900e-01 2.594441202201132682e-02 -5.177799784969885216e-02 -7.017509716640802253e+00 -3.295214055556541788e-02 9.896815407593987368e-01 -1.394439109925120213e-01 -3.015594570282026154e+01 4.762593840857642924e-02 1.409160578674882036e-01 9.888753382635193656e-01 1.337492355743287646e+02
9.984493200880806274e-01 2.700584233028847925e-02 -4.867894509597355673e-02 -7.155624083092827270e+00 -3.364784926697535899e-02 9.894015324814029455e-01 -1.412530699246409005e-01 -3.055212759019397240e+01 4.434836474248021743e-02 1.426719734336774070e-01 9.887759759122435321e-01 1.350726326867356875e+02
9.985321340416108971e-01 2.516651749673095087e-02 -4.796064723675158570e-02 -7.279740450847941524e+00 -3.185386007669528674e-02 9.890337883284084919e-01 -1.442133736619068407e-01 -3.096381527236859910e+01 4.380535223572181586e-02 1.455294195062324103e-01 9.883836700258074037e-01 1.364197419140700163e+02
9.984715082353732285e-01 2.233773531780636201e-02 -5.055366280522263778e-02 -7.355799685508740637e+00 -2.960680100212931959e-02 9.885511747203962196e-01 -1.479527366875051653e-01 -3.133394008378443729e+01 4.666995368085103540e-02 1.492233243825285272e-01 9.877015312753418819e-01 1.377206241602700914e+02
9.986195184110591150e-01 1.256020616689682012e-02 -5.100292804813109926e-02 -7.445807393862817314e+00 -2.007443871257624454e-02 9.885416019717199188e-01 -1.496078810809711446e-01 -3.170391148489688149e+01 4.853941036737831338e-02 1.504252053088438734e-01 9.874290775792358144e-01 1.390086826966984859e+02
9.986586967763505518e-01 8.619192743496706388e-03 -5.105405830476209689e-02 -7.539185698514803136e+00 -1.627556391333309302e-02 9.883217290830452750e-01 -1.515099529456089000e-01 -3.210539341010590420e+01 4.915194169347278375e-02 1.521376657462835125e-01 9.871363721842258965e-01 1.403694255315032535e+02
9.987691664763423960e-01 4.519898074618360594e-03 -4.939354833904871511e-02 -7.654300351520931578e+00 -1.218564048598434757e-02 9.876785547320643399e-01 -1.560210969334103193e-01 -3.251179091792510434e+01 4.807974898097082395e-02 1.564309529592949610e-01 9.865179647092975346e-01 1.416877670216493357e+02
9.988775513380011573e-01 1.045486562614686421e-02 -4.619884433309182775e-02 -7.786690772658320547e+00 -1.790024264137717383e-02 9.863280883582380421e-01 -1.638184465466011597e-01 -3.290473556516077736e+01 4.385451796968936611e-02 1.644615392737793502e-01 9.854081303466833974e-01 1.430322436725454622e+02
9.989099822890695757e-01 1.749376467171911628e-02 -4.327603818321704154e-02 -7.872800721763018927e+00 -2.459345622236386308e-02 9.852399541962020280e-01 -1.694030535925549197e-01 -3.331619202547508962e+01 3.967378472320690075e-02 1.702827086143914592e-01 9.845962573322547540e-01 1.443582500477797339e+02
9.987652559131755536e-01 1.970357800272542342e-02 -4.560408528358542157e-02 -7.866290432565110180e+00 -2.725282113088689159e-02 9.848325021224285658e-01 -1.713540968394473285e-01 -3.373577264646435481e+01 4.153609660367529183e-02 1.723853583606949069e-01 9.841534641008919948e-01 1.456164522264685104e+02
9.989270369030421870e-01 1.520236385157034721e-02 -4.374543493218421147e-02 -7.959245089551426844e+00 -2.247067046901276427e-02 9.850504683814943485e-01 -1.707941559598863124e-01 -3.412780970726002749e+01 4.049498626687603881e-02 1.715938893862521131e-01 9.843351528887627211e-01 1.468407955455396348e+02
9.989314361169469025e-01 8.790272686126650303e-03 -4.537308721487922497e-02 -8.000675229194346372e+00 -1.630918283203330182e-02 9.856329293192983565e-01 -1.681122815168122897e-01 -3.457208581244164236e+01 4.324345606744164211e-02 1.686726407795292038e-01 9.847230797334861618e-01 1.481433922997030947e+02
9.989791041386792969e-01 5.585276396164821563e-03 -4.482805128299732766e-02 -8.078784133373503096e+00 -1.308022512211941268e-02 9.855820585162829994e-01 -1.686917711138821996e-01 -3.499067120691296395e+01 4.323953289534031297e-02 1.691059153854830577e-01 9.846489385444072706e-01 1.494337032650664696e+02
9.990428430079903999e-01 1.592086842697331209e-02 -4.074216222802158616e-02 -8.174409661648937231e+00 -2.288056675065405429e-02 9.840299895628006333e-01 -1.765260867582499060e-01 -3.535897456313155374e+01 3.728106087079926384e-02 1.772893273424640259e-01 9.834523968707382657e-01 1.507345687099238773e+02
9.988056260834929923e-01 1.731062756065966657e-02 -4.569095618817662491e-02 -8.184820167097941024e+00 -2.515568320770326591e-02 9.838614307100791434e-01 -1.771549512812090887e-01 -3.580712757133257185e+01 4.188690614365514486e-02 1.780927492475481988e-01 9.831217929428468505e-01 1.520508597356027565e+02
9.989925490319483403e-01 2.786675831157898672e-02 -3.517571264134038839e-02 -8.235938070203165040e+00 -3.369681536073020067e-02 9.834777829875521737e-01 -1.778650471689458834e-01 -3.577782315903832000e+01 2.963800960197777654e-02 1.788711663490529791e-01 9.834259983525741600e-01 1.519577697462006256e+02
9.990174014385634349e-01 3.000338331089731983e-02 -3.261945144866734009e-02 -8.310681599260192343e+00 -3.546268101355734559e-02 9.826039979069917107e-01 -1.822958626861944376e-01 -3.620923109394212247e+01 2.658251075882863204e-02 1.832735122353271739e-01 9.827024930438906791e-01 1.532416974092725184e+02
9.993201937822665526e-01 3.108965524936865149e-02 -1.981372341131068873e-02 -8.462677791521402426e+00 -3.411125772996166650e-02 9.836113634579946030e-01 -1.770454963345903243e-01 -3.617542050411213239e+01 1.398472005528249990e-02 1.776010107312364361e-01 9.840032055802525601e-01 1.530474153170553961e+02
9.994093239300620990e-01 3.351822670104009222e-02 -7.584966739913182217e-03 -8.580868219415524578e+00 -3.433079707710693512e-02 9.837207360133006784e-01 -1.763941889901039783e-01 -3.619685557236559248e+01 1.549068648706480042e-03 1.765503951177785635e-01 9.842903831543169391e-01 1.531204463732248371e+02
9.991109048274336990e-01 4.188029791946763086e-02 4.841539120510698381e-03 -8.668995250331303026e+00 -4.039579457985236627e-02 9.838529061379369667e-01 -1.743606574436267487e-01 -3.620870083327048405e+01 -1.206563861306951015e-02 1.740100564050481857e-01 9.846699551802948758e-01 1.530566294508328156e+02
9.989671232033828785e-01 4.424166370733147863e-02 1.036156123073315657e-02 -8.705821345281957946e+00 -4.179264261446866829e-02 9.840995592080161725e-01 -1.726309143515787903e-01 -3.628146366332709505e+01 -1.783428669810442277e-02 1.720195708603245166e-01 9.849320816477618035e-01 1.531557111115641590e+02
9.981809739800775461e-01 5.632537210480235285e-02 2.149873580964239972e-02 -8.747710967263364168e+00 -5.181184892961196442e-02 9.837682058556221909e-01 -1.718011916666477568e-01 -3.634503641825548925e+01 -3.082653880428995463e-02 1.703747915768077936e-01 9.848970275620194670e-01 1.531503076242238990e+02
9.970656657598108152e-01 7.008580303177225357e-02 3.079023183266468844e-02 -8.819736178807186633e+00 -6.377165570545251239e-02 9.829653633437892557e-01 -1.723724757464869528e-01 -3.645360906486907027e+01 -4.234659480410383342e-02 1.699031332253164162e-01 9.845505021220148922e-01 1.533774736252570108e+02
9.962803301610358986e-01 7.922305070340283917e-02 3.390002907722250436e-02 -8.886826633033223288e+00 -7.224261151550995241e-02 9.823433291265263323e-01 -1.725763274670300551e-01 -3.694580614301165156e+01 -4.697349056233433851e-02 1.694853738758436701e-01 9.844126163487292303e-01 1.548847487809026404e+02
9.952052191749536370e-01 9.090776098826996998e-02 3.608809663871243717e-02 -8.848239343115231748e+00 -8.337513872058917308e-02 9.813965705242669868e-01 -1.729432207590239357e-01 -3.735300682137326334e+01 -5.113861525528572843e-02 1.691051458568942623e-01 9.842704362493495118e-01 1.561972999509675617e+02
9.946334677931411017e-01 9.627933843667450808e-02 3.787550311163011968e-02 -8.835461713614943591e+00 -8.853350710181660810e-02 9.814685465757574390e-01 -1.699450211177076786e-01 -3.778076393385976672e+01 -5.353580919361881907e-02 1.656797545647679670e-01 9.847254115038046596e-01 1.575549689733421417e+02
9.937990970201969754e-01 1.019192578548475947e-01 4.445019280196965683e-02 -8.861877611897446272e+00 -9.240511339402338042e-02 9.793804606779771271e-01 -1.796530218526988520e-01 -3.814896668340549013e+01 -6.184375296222802132e-02 1.744315857879118192e-01 9.827252780401325438e-01 1.590161936325074237e+02
