1.000000000000000000e+00 0.000000000000000000e+00 0.000000000000000000e+00 0.000000000000000000e+00 0.000000000000000000e+00 1.000000000000000000e+00 0.000000000000000000e+00 0.000000000000000000e+00 0.000000000000000000e+00 0.000000000000000000e+00 1.000000000000000000e+00 0.000000000000000000e+00
9.999632469725344697e-01 -1.655838099068698745e-03 8.412068968703072594e-03 8.047469024679518301e-02 1.615665704400824848e-03 9.999872699590831582e-01 4.780119675282681543e-03 -4.468763046479690138e-02 -8.419876986997353388e-03 -4.766352900077099400e-03 9.999531926803156834e-01 2.246894349439141347e-01
9.999755802305209107e-01 -2.403434097835861240e-03 6.562198348779601544e-03 3.130840834337924594e-01 2.363410273127098012e-03 9.999786012678902880e-01 6.100106408374739511e-03 -5.580560112307594162e-02 -6.576719129797401094e-03 -6.084448278190567917e-03 9.999598623218028948e-01 3.340192410444176585e-01
9.999605079787533546e-01 -5.518565203220473017e-03 6.966198458946764108e-03 3.412091002581109089e-01 5.489558845464625678e-03 9.999762119828198292e-01 4.176148006404297418e-03 -5.431045556799433960e-02 -6.989079091969787293e-03 -4.137741725508846911e-03 9.999670153894375524e-01 6.116890432465693639e-01
-7.643234850594609053e-01 2.286982284182253675e-02 6.444273282455845742e-01 -2.539772243192630086e+01 -5.285494979859559628e-01 5.502579999890794271e-01 -6.464143884744608659e-01 6.587243011114870797e+02 -3.693846753255379811e-01 -8.346814390240158144e-01 -4.084872788514299358e-01 1.655779028643346962e+01
-3.130868245645109793e-01 4.450650943250524239e-01 8.389837317240078640e-01 9.270286003847132861e+01 5.486994736906680714e-01 -6.362761561099530283e-01 5.422928551415056031e-01 5.171271547124493964e+02 7.751809645854932374e-01 6.301346800322731312e-01 -4.499730175166510859e-02 4.320150073814243115e+02
-3.139904095794593952e-01 4.458670019262176987e-01 8.382199229828934950e-01 9.293431539842492839e+01 5.452267475351665338e-01 -6.380966576333784168e-01 5.436547151357513652e-01 5.169490211642365693e+02 7.772630291377236045e-01 6.277222890024207747e-01 -4.274238441189840559e-02 4.316423227869261723e+02
-3.016229081243763099e-01 4.460474006336704877e-01 8.426537472073201140e-01 9.323035877981676833e+01 5.553041481809009028e-01 -6.362503652679899480e-01 5.355583774990672064e-01 5.171162516443635013e+02 7.750231766261448385e-01 6.294657965960475110e-01 -5.578428638985712118e-02 4.316064808865956479e+02
-2.905801412124329741e-01 4.443663417533417204e-01 8.474088363061319518e-01 9.362937869264234791e+01 5.663494244808346956e-01 -6.339556736043088225e-01 5.266389021854861463e-01 5.173289610442938056e+02 7.712402420278594573e-01 6.329603133069725551e-01 -6.745169275229542794e-02 4.315131547606679305e+02
-2.766452339882375377e-01 4.452355982677170809e-01 8.516059397084893012e-01 9.396337809943209152e+01 5.784733471763412460e-01 -6.304861974775175515e-01 5.175478155658089774e-01 5.175015803234922487e+02 7.673565019716683810e-01 6.358084749557292303e-01 -8.313592518446467905e-02 4.314649797856548616e+02
-2.619510137983167009e-01 4.456788125868245132e-01 8.560093821806102898e-01 9.431359474726912140e+01 5.862600347041948545e-01 -6.310798640098809198e-01 5.079737955346763645e-01 5.176422062824218528e+02 7.666034425168402056e-01 6.349083408276094964e-01 -9.597166596898372426e-02 4.313772104396376221e+02
-2.378640506966970825e-01 4.461810813622780203e-01 8.627532300840980994e-01 9.454270433332737866e+01 6.002201619673398492e-01 -6.308289893538409077e-01 4.917220183789925425e-01 5.178482154512012130e+02 7.636468100856959040e-01 6.348048746073072790e-01 -1.177553422174210385e-01 4.314493350881596712e+02
-2.201377911686903943e-01 4.464880151634146310e-01 8.672876138944922708e-01 9.487019389926754798e+01 6.087260275808826782e-01 -6.318605279329851943e-01 4.797967242341758531e-01 5.180159323822448414e+02 7.622282966703396445e-01 6.335619350589829502e-01 -1.326924948870483456e-01 4.313910233384514754e+02
-2.040638518363896703e-01 4.459790976366888038e-01 8.714703602790275783e-01 9.522229400632211593e+01 6.181255221822291590e-01 -6.316064305303316084e-01 4.679681140202587852e-01 5.181991347164971558e+02 7.591302807823181453e-01 6.341734473973957842e-01 -1.467830215503851121e-01 4.313248754501670419e+02
4.845284248861303489e-01 4.056289268677001347e-01 7.750466948291062641e-01 1.010304568060136177e+02 8.314820317302390462e-01 -4.888299519694794260e-01 -2.639752052130431292e-01 5.376678893781585202e+02 2.717900593971682710e-01 7.723408908931828076e-01 -5.741251709054471242e-01 4.425380235445225594e+02
4.947318741599766589e-01 4.060541152619302485e-01 7.683491577199823563e-01 1.013353889414527629e+02 8.280503016091492752e-01 -4.886000825754209242e-01 -2.749593739305619677e-01 5.375501473692338550e+02 2.637670765943900819e-01 7.722629181736896387e-01 -5.779592671795360515e-01 4.422960373169038348e+02
5.028761507652805829e-01 4.070770626062771846e-01 7.624984210418656039e-01 1.016989171779480898e+02 8.246821438962833595e-01 -4.901650804393611338e-01 -2.822012676380142304e-01 5.373679363326292560e+02 2.588724367910213986e-01 7.707311197932255054e-01 -5.822015136120476386e-01 4.419884744308531026e+02
5.109166771879091185e-01 4.098050023409045561e-01 7.556613057631276220e-01 1.020365775738466283e+02 8.213318280179016107e-01 -4.921756942346139918e-01 -2.884044283457611324e-01 5.372333205914339942e+02 2.537285503368407191e-01 7.679993138415202036e-01 -5.880466619945383666e-01 4.417417768605654373e+02
5.175284408255795832e-01 4.130482536402666494e-01 7.493700374990773794e-01 1.023951402189946265e+02 8.197539321259387224e-01 -4.903926282993728014e-01 -2.958353610941275580e-01 5.371196262929331624e+02 2.452912629930054378e-01 7.674022480253485101e-01 -5.923900623954940770e-01 4.414776820808577327e+02
5.218056671874520269e-01 4.177109923561959093e-01 7.437986102137175148e-01 1.027682694928791562e+02 8.191879686468391819e-01 -4.886320785355948160e-01 -3.002828064512632067e-01 5.369629327900361204e+02 2.380124318503552827e-01 7.660001427485412240e-01 -5.971548070591859991e-01 4.412013021088548612e+02
5.265400561195328066e-01 4.253465819780648527e-01 7.360950037197738771e-01 1.031408066454977330e+02 8.186432038255559984e-01 -4.872078415599363499e-01 -3.040589152659962102e-01 5.368007562633962380e+02 2.293008376170152240e-01 7.626983704729445313e-01 -6.047415328436186455e-01 4.409594534755501058e+02
5.347589402678664117e-01 4.246502887895340361e-01 7.305511672939486445e-01 1.035163091653824949e+02 8.140569216847082235e-01 -4.907309606282952985e-01 -3.106355622559084928e-01 5.366502072532103966e+02 2.265925948940115398e-01 7.608253784619670723e-01 -6.081122753467504971e-01 4.406495852975087359e+02
5.449798038372644093e-01 4.204063127106590358e-01 7.254347287265211497e-01 1.038908807031891399e+02 8.060959574274983996e-01 -5.007409476798103665e-01 -3.153851783704608724e-01 5.365011821263756246e+02 2.306649536200459094e-01 7.566485548454797705e-01 -6.117815325928924741e-01 4.403597316183644921e+02
5.582354225833635608e-01 4.209261511526939392e-01 7.149785928606182672e-01 1.041935569633138670e+02 8.004315884644566115e-01 -5.000298195212886654e-01 -3.305744269869820839e-01 5.365477882816591091e+02 2.183631955285428305e-01 7.568298057458408001e-01 -6.160569453981309396e-01 4.402038415939284164e+02
5.685639747308089964e-01 4.240039005563936425e-01 7.049508486066702329e-01 1.044345996012820592e+02 7.958793089327679260e-01 -5.003064819747314873e-01 -3.409832103003969661e-01 5.364897014356490672e+02 2.081132678398960600e-01 7.549265635855126888e-01 -6.219121733347624525e-01 4.400583128422458685e+02
5.731358942789486211e-01 4.287511201839780961e-01 6.983464209330857431e-01 1.047879155516889824e+02 7.945773528951661779e-01 -4.991778940346413562e-01 -3.456418093536257063e-01 5.362984977751609676e+02 2.004047827652233882e-01 7.529899780529116793e-01 -6.267726988284498812e-01 4.397467028261200994e+02
5.797851878016319072e-01 4.333578914916365044e-01 6.899638207092790854e-01 1.051966270969662389e+02 7.919963134621338385e-01 -4.985684031979552011e-01 -3.523796060997684276e-01 5.361243980348994000e+02 1.912876772513368573e-01 7.507532785240202955e-01 -6.322804277511864246e-01 4.394275405472124021e+02
-9.400426853541821171e-01 3.251675336292610963e-01 1.028874374525775848e-01 1.399598724197169588e+02 -1.802461868498661524e-01 -7.297617876224873346e-01 6.595142496202124338e-01 5.974245597540113977e+02 2.895359422216471357e-01 6.014264779667549687e-01 7.446174385295628584e-01 4.578381092198612237e+02
-9.405487066190263423e-01 3.217789071931721478e-01 1.087495533914576706e-01 1.400516819083078701e+02 -1.737157571577817305e-01 -7.308441290311015193e-01 6.600679470901966717e-01 5.978673025849075202e+02 2.918749153188250345e-01 6.019345429083960974e-01 7.432925668007781539e-01 4.582705940531096189e+02
-9.392853740158161324e-01 3.228175785913308116e-01 1.163262528941536172e-01 1.401033677290965898e+02 -1.678268659234635474e-01 -7.278895778813238016e-01 6.648390071935110779e-01 5.982037773565590442e+02 2.992943855709149226e-01 6.049508850842181262e-01 7.378734968824601781e-01 4.586697399369832624e+02
-9.386023218303500837e-01 3.217677271140993445e-01 1.244636944755298097e-01 1.401410996659877242e+02 -1.593279507727859423e-01 -7.242613849548755756e-01 6.708651506568120704e-01 5.985897978158195656e+02 3.060070024643477549e-01 6.098450426551583758e-01 7.310600101166200293e-01 4.591117003805139234e+02
-9.365652590258085608e-01 3.246226834305744879e-01 1.321575914892858805e-01 1.401792133099772002e+02 -1.538260967824778280e-01 -7.195105008893065701e-01 6.772312537521318898e-01 5.990503081775628971e+02 3.149334017448494616e-01 6.139419781317717595e-01 7.238039789563640580e-01 4.596072247604748213e+02
-9.379030697367283231e-01 3.213077868693596240e-01 1.307636718493756511e-01 1.403047005600236901e+02 -1.491318367309131254e-01 -7.138035898731761586e-01 6.842836622026196025e-01 5.994992597340335578e+02 3.132052474842658696e-01 6.222907207899548432e-01 7.173957985429235684e-01 4.600821659823699861e+02
-9.368063463920539569e-01 3.215126631482458364e-01 1.379256205165971527e-01 1.402546702082225352e+02 -1.411363639341807197e-01 -7.080567910817688881e-01 6.919075858656444922e-01 5.997319057397636470e+02 3.201162228550799571e-01 6.287170969826657574e-01 7.086892237269353245e-01 4.603965740946453593e+02
-9.396659425771314300e-01 3.162494758490939084e-01 1.304384352320991092e-01 1.404763655307747854e+02 -1.407098108320075369e-01 -7.048510516559729489e-01 6.952594797017054296e-01 6.002803890285539410e+02 3.118151142844822199e-01 6.349576867828611304e-01 7.068239317532425403e-01 4.608448987485033967e+02
-9.421749344641225932e-01 3.090771012968216436e-01 1.295289092113226515e-01 1.406657600523058420e+02 -1.344613304988969138e-01 -7.026884802798157859e-01 6.986766421475000266e-01 6.008577156316895298e+02 3.069634236647522663e-01 6.408589900563127495e-01 7.036143911234447046e-01 4.613334026687440428e+02
-9.427712422512927182e-01 3.042904123250969595e-01 1.363441592110651301e-01 1.406776604745352017e+02 -1.223492466017948449e-01 -6.960692140012455509e-01 7.074731876019456633e-01 6.012550809108864769e+02 3.101822797000533538e-01 6.503037707769426801e-01 6.934637402729624256e-01 4.618252567140357883e+02
-9.422777977049421327e-01 3.063513955863215177e-01 1.351346527528483055e-01 1.407781982970116417e+02 -1.213031619953519186e-01 -6.885052484825183727e-01 7.150147311083538959e-01 6.013362981573415027e+02 3.120866784120210347e-01 6.573502454813101581e-01 6.859246022147129640e-01 4.619705654600447247e+02
-9.418003295512793471e-01 3.066498590066667473e-01 1.377606737363348266e-01 1.408809469919354456e+02 -1.174042653946859860e-01 -6.840154353281494570e-01 7.199577228559836950e-01 6.017295404300209611e+02 3.150053614214061160e-01 6.618827299484660864e-01 6.802079638402765971e-01 4.623633778372254710e+02
-9.415804301319683489e-01 3.057215350720766667e-01 1.412821170058891629e-01 1.410019756421411046e+02 -1.120812782077885011e-01 -6.800346725439420092e-01 7.245623722036348413e-01 6.022327635370526195e+02 3.175910588599750728e-01 6.663986698150193844e-01 6.745729999051045533e-01 4.628709081215880019e+02
-9.415462361347856080e-01 3.042216716623445949e-01 1.447061149757732645e-01 1.410814437195956828e+02 -1.083023989742897403e-01 -6.800850569886404129e-01 7.250895845598447353e-01 6.024719299251321445e+02 3.190004319696540525e-01 6.670333498047356091e-01 6.732794625201682370e-01 4.630527618539483115e+02
-9.408149293921322931e-01 3.047632539577238009e-01 1.482788847745063199e-01 1.412101704424509876e+02 -1.052598224520477771e-01 -6.786125159564113662e-01 7.269150039479643777e-01 6.029070334185371394e+02 3.221608890139115444e-01 6.682846790286371963e-01 6.705281122856492360e-01 4.634793712106128964e+02
-9.397394052125624953e-01 3.049819339039729349e-01 1.545181875473788102e-01 1.412439838285334872e+02 -1.015849531710629472e-01 -6.806172286876959188e-01 7.255623235137788063e-01 6.031710354685637867e+02 3.264511411834337129e-01 6.661427834974070761e-01 6.705844051380573934e-01 4.636957880881092251e+02
-9.387332927384313130e-01 3.051999703529227892e-01 1.601024147258009178e-01 1.413767126366390983e+02 -9.827561602418856401e-02 -6.823015938708402173e-01 7.244352547304540035e-01 6.035469818935514468e+02 3.303357510163293376e-01 6.643173286147875389e-01 6.704929369520550297e-01 4.640012327970539445e+02
-9.382702667414478670e-01 3.045565876547408068e-01 1.639944860811713145e-01 1.415994820631489119e+02 -9.619381033055190988e-02 -6.851424487372644867e-01 7.220294840187588825e-01 6.041332909778714111e+02 3.322584196119279798e-01 6.616835420761243425e-01 6.721452467603858949e-01 4.644813346405807124e+02
-9.358643828406285614e-01 3.054199055957392828e-01 1.757172108707990288e-01 1.417302058543982923e+02 -8.990030412224894740e-02 -6.891470642528816359e-01 7.190231283834769282e-01 6.047336367864680824e+02 3.406989760023488301e-01 6.571111055959447667e-01 6.724055343715039657e-01 4.650253605484443824e+02
-9.329223655295002526e-01 3.046047697816002264e-01 1.920202961177097656e-01 1.417709967291565647e+02 -7.800347894461785725e-02 -6.915753260005438330e-01 7.180800970224550106e-01 6.052626993151903889e+02 3.515271215245985292e-01 6.549347316286873166e-01 6.689463208203565436e-01 4.655851206779618678e+02
-9.298938680960276981e-01 3.000124247713849557e-01 2.128143300160862394e-01 1.418212700513242339e+02 -6.017106915413313745e-02 -6.948477408135567135e-01 7.166352346369422310e-01 6.059044348956141448e+02 3.628730308444663155e-01 6.535894445820648047e-01 6.641867218009263052e-01 4.662166971836703624e+02
-9.273319765400031001e-01 3.015077694574739287e-01 2.216945426553932896e-01 1.420228349206566634e+02 -5.467177240879265987e-02 -6.951743461101692612e-01 7.167591128210227813e-01 6.065322715161422593e+02 3.702248000716393816e-01 6.525532112150541630e-01 6.611413645695126684e-01 4.667893123082189391e+02
-9.237811998085995180e-01 3.046383366219352351e-01 2.319995231469242081e-01 1.421381629997686105e+02 -4.899799921604548747e-02 -6.949280749132036306e-01 7.174079500327924519e-01 6.069651109229147323e+02 3.797729465786146008e-01 6.513604643802480831e-01 6.568881598029809865e-01 4.671984938608029552e+02
-9.204171338478442932e-01 3.076416685692631159e-01 2.412237622607574794e-01 1.423344998958976078e+02 -4.438095752683619832e-02 -6.952762481075057677e-01 7.173710820952790002e-01 6.075900897822807565e+02 3.884103890581648844e-01 6.495748937401086831e-01 6.535976033418526843e-01 4.677645336347337661e+02
-9.172839307001059428e-01 3.100256672658509571e-01 2.499485469366107271e-01 1.425657844899970144e+02 -4.022758202783170700e-02 -6.965677103623154620e-01 7.163624547146478783e-01 6.082225975928347452e+02 3.961968350751334800e-01 6.470529425920023003e-01 6.514219503205896933e-01 4.683156321260824484e+02
-9.138985462439994656e-01 3.143461531071070070e-01 2.568578268222796446e-01 1.428286707539836584e+02 -3.899931745598219507e-02 -6.978055653335440978e-01 7.152247522475021491e-01 6.088506393975172841e+02 4.040649705320517593e-01 6.436255813874240950e-01 6.499827771353906547e-01 4.688534664258691578e+02
-9.114723601035672473e-01 3.138996354137473799e-01 2.658668005869577744e-01 1.430537873617884941e+02 -3.285353383060705956e-02 -6.997932740456465073e-01 7.135895311138720221e-01 6.094575080809066776e+02 4.100472924944988939e-01 6.416824701420436039e-01 6.481549393704703066e-01 4.694045202623344153e+02
1.704838175176437431e-01 5.710060619834064211e-01 -8.030487812971317529e-01 6.515033490329989263e+01 4.359312747008086131e-01 6.871780852328118749e-01 5.811628024172694751e-01 7.406702721867524133e+02 8.836850070598338824e-01 -4.491529320331394959e-01 -1.317666571773632167e-01 3.630738261323928100e+02
1.639124957241228919e-01 5.731803009586995401e-01 -8.028680067971194489e-01 6.438782627089030086e+01 4.413505202117136705e-01 6.852657317049556385e-01 5.793277097288899169e-01 7.412218473386903952e+02 8.822371631564489558e-01 -4.493052632050545947e-01 -1.406498076852546464e-01 3.629349907126573953e+02
1.555813696484302233e-01 5.741272630971518964e-01 -8.038484454092617026e-01 6.425117853326098327e+01 4.514111939475538571e-01 6.824984872855492934e-01 5.748249723453039417e-01 7.414031707454970501e+02 8.786480361311698184e-01 -4.522982430006852184e-01 -1.529834238776617561e-01 3.630627091744797212e+02
1.547714282561691579e-01 5.757257644242240735e-01 -8.028609152111483294e-01 6.387224625553079704e+01 4.572323008736581262e-01 6.786409007539206950e-01 5.747913976928381574e-01 7.416377867558497883e+02 8.757764715001910005e-01 -4.560552291138066927e-01 -1.582061944571987455e-01 3.629757125866225920e+02
1.459450266427777532e-01 5.761316392601568692e-01 -8.042216009543853295e-01 6.301733645928845817e+01 4.640737244123108174e-01 6.780627585037289906e-01 5.699705903293551534e-01 7.422844336614271015e+02 8.736908077279492701e-01 -4.564024865989525503e-01 -1.684076682279324888e-01 3.628511440677349356e+02
1.262163884230903532e-01 5.756193753832581361e-01 -8.079181629204841286e-01 6.282879739357920812e+01 4.833577699217255774e-01 6.755246853527882012e-01 5.568048722266226713e-01 7.426963597054369757e+02 8.662763355591091008e-01 -4.607914215373296596e-01 -1.929678115331185939e-01 3.631803696735564131e+02
1.195084988875211168e-01 5.739104015210367837e-01 -8.101509548964337393e-01 6.201295247157961654e+01 4.910092030138820118e-01 6.750583803678249506e-01 5.506415763914250805e-01 7.432994039002101090e+02 8.629181196668159748e-01 -4.635979229042339056e-01 -2.011200751530250741e-01 3.630265370753581351e+02
1.173203846734570122e-01 5.756514001195011110e-01 -8.092350665168434043e-01 6.175469125967183714e+01 5.003855359135884751e-01 6.695982486659701749e-01 5.488647381932350022e-01 7.434869493935307219e+02 8.578171383159302055e-01 -4.693225446576287374e-01 -2.094901102380433422e-01 3.630418096387083438e+02
8.944747797723506810e-02 5.756941313576329211e-01 -8.127579072539877769e-01 6.173616959478790278e+01 4.932895541533429129e-01 6.833074654934782055e-01 5.382901850898514917e-01 7.437257911926451470e+02 8.652540461891500279e-01 -4.490736851801133134e-01 -2.228637719146986662e-01 3.632678262070692199e+02
8.346813955457728362e-02 5.756688407851133782e-01 -8.134116150070702655e-01 6.089539849965746754e+01 4.910760679498995529e-01 6.865028347736044090e-01 5.362444902604242003e-01 7.442851516641856051e+02 8.671086236257551372e-01 -4.442063074708831327e-01 -2.253960763565381609e-01 3.630414983424886941e+02
7.608458834268479187e-02 5.763136297651701989e-01 -8.136791355095742695e-01 6.002956935479863176e+01 4.940053023290189027e-01 6.870624891482545182e-01 5.328263293759152308e-01 7.449066075547972332e+02 8.661234881282959819e-01 -4.425016792649358321e-01 -2.324271222559358696e-01 3.628921791963495593e+02
8.572285366563803244e-02 5.770169598966412572e-01 -8.122210415589137256e-01 5.990660934451146602e+01 4.895527224947182621e-01 6.856279130337761263e-01 5.387508670683973655e-01 7.449017121048104855e+02 8.677498051036466320e-01 -4.438082839026052939e-01 -2.237062423849591197e-01 3.626636507218405541e+02
8.891330385701091965e-02 5.789058511600807533e-01 -8.105321954677942031e-01 5.966969972627932606e+01 4.849774471867649983e-01 6.856161793811158534e-01 5.428879537170094860e-01 7.449905442305043834e+02 8.699950000531191385e-01 -4.413597966098097292e-01 -2.197958821705052745e-01 3.625241939425824285e+02
8.683894702792703535e-02 5.788594338213082224e-01 -8.107902029225222407e-01 5.885359041715035033e+01 4.894146487562264225e-01 6.840932891811769556e-01 5.408231441793979188e-01 7.455376841683325893e+02 8.677167157902905270e-01 -4.437771147471907818e-01 -2.238963455815231873e-01 3.623398449308833733e+02
8.027517544384001891e-01 5.677725172193250902e-01 1.822744892641071091e-01 7.815327242518151252e+01 -5.699447201511302907e-01 6.406407065925703304e-01 5.145313411527169256e-01 7.808304733652170171e+02 1.753642971585600285e-01 -5.169273195982116986e-01 8.378743996179156550e-01 4.436744697434980935e+02
7.962568943601149307e-01 5.755369192645563015e-01 1.863658035891699316e-01 7.825789828794621883e+01 -5.788244376914994938e-01 6.352376176303715649e-01 5.113075781546760901e-01 7.812675617873057945e+02 1.758898192480136402e-01 -5.150052657116632737e-01 8.389471662590857193e-01 4.442398550518007028e+02
7.972558810050746070e-01 5.752739973336701285e-01 1.828739680614811514e-01 7.846099708208512880e+01 -5.758455199090950494e-01 6.339312611863499036e-01 5.162684314301028143e-01 7.818210411364428865e+02 1.810662790346161954e-01 -5.169051983511208093e-01 8.366743802185749868e-01 4.451427850197173370e+02
8.002009001773101593e-01 5.726541528001856118e-01 1.781733443478954737e-01 7.862845391106679926e+01 -5.701804098134199972e-01 6.343147861247158126e-01 5.220527294905634719e-01 7.823881912989799048e+02 1.859376767102867423e-01 -5.193380145764845413e-01 8.340954423777444671e-01 4.460628672817431948e+02
8.037858510570666803e-01 5.690009271677516356e-01 1.736843416163244003e-01 7.870550716928735824e+01 -5.640712987223056585e-01 6.361182234721955986e-01 5.264761872338580284e-01 7.826521483457428303e+02 1.890816638338982669e-01 -5.211444623602983217e-01 8.322599195882192102e-01 4.465222995050609143e+02
8.076900197306273732e-01 5.669162618047539626e-01 1.619962472678064258e-01 7.888126314855949772e+01 -5.559576999891000515e-01 6.407928821286589249e-01 5.294294268701615902e-01 7.832469840381061204e+02 1.963361093899050891e-01 -5.176779252726143588e-01 8.327434766091331708e-01 4.474246247048798182e+02
8.104230928683548996e-01 5.654669912101323304e-01 1.531714477226087667e-01 7.903164512717920331e+01 -5.489670401873320005e-01 6.416956868682458515e-01 5.355948415011495545e-01 7.838096942021647919e+02 2.045717461763641998e-01 -5.181445042711905202e-01 8.304677437203109580e-01 4.482994938947832679e+02
8.082788861999012919e-01 5.690738956213469146e-01 1.511295584780866785e-01 7.913818526521633601e+01 -5.494850937421011938e-01 6.368201643518841548e-01 5.408569219581688126e-01 7.844371267149313098e+02 2.115452052840675612e-01 -5.202066700813925415e-01 8.274259160336591146e-01 4.491896655483612903e+02
8.095783698084781932e-01 5.694741009686399291e-01 1.424152781979378668e-01 7.934211749352787990e+01 -5.423339289283725106e-01 6.327772053290545706e-01 5.526906168454981394e-01 7.850107989967251569e+02 2.246258504076466267e-01 -5.246830059587390682e-01 8.211278649435370669e-01 4.501754177419310281e+02
8.121515580639714349e-01 5.678481387996792140e-01 1.340087235816901090e-01 7.947051068501512816e+01 -5.362404521547194935e-01 6.359789861360858332e-01 5.549566709809056197e-01 7.855856039850118577e+02 2.299043805741034230e-01 -5.225698235212632436e-01 8.210144671915239334e-01 4.510121548431906149e+02
8.135319852616773595e-01 5.677840245450632706e-01 1.256463705309262824e-01 7.959644309587767452e+01 -5.318351392035016723e-01 6.390615727606497876e-01 5.556542908401475023e-01 7.861804125047236766e+02 2.351958623457954534e-01 -5.188656933080884048e-01 8.218645257238704760e-01 4.518896310985682021e+02
8.141209647508979019e-01 5.690496611886911582e-01 1.157131706163671697e-01 7.975887075077595512e+01 -5.278621508036847043e-01 6.421626818418540994e-01 5.558674660371626386e-01 7.868398246242605865e+02 2.420095132468377819e-01 -5.136239608416844904e-01 8.231778801372867660e-01 4.529038825030764883e+02
8.172628773121177748e-01 5.655907893405920372e-01 1.104013060638039667e-01 7.984093368591089757e+01 -5.217496915011243797e-01 6.449047412637931576e-01 5.584578176675045746e-01 7.873196031677005067e+02 2.446602721857305263e-01 -5.140086903045053557e-01 8.221535242918074360e-01 4.536345566247129000e+02
8.175147973459171435e-01 5.653223054549327831e-01 1.099101773066237242e-01 7.991593053413640746e+01 -5.205548856003483493e-01 6.437192494365261419e-01 5.609350577227935064e-01 7.879426966128025924e+02 2.463578032010949603e-01 -5.157869898126362651e-01 8.205312997941869302e-01 4.544859238272404696e+02
8.127820497162903113e-01 5.724206589051308303e-01 1.082586205232258514e-01 8.002669847782935619e+01 -5.246498220047969285e-01 6.384488182062052486e-01 5.631391220661419172e-01 7.885831579474472619e+02 2.532348789746752260e-01 -5.145072358963493908e-01 8.192401359070291544e-01 4.553553658798705897e+02
8.121995371246543138e-01 5.737196800895042470e-01 1.057243613009065802e-01 8.011429916879114899e+01 -5.232554641853940369e-01 6.362988933499403865e-01 5.668575107747620967e-01 7.891855782838789537e+02 2.579450156421378981e-01 -5.157222576151091475e-01 8.170036241692811840e-01 4.562107857266082078e+02
8.116857779631357905e-01 5.752416538025370008e-01 1.013076383245182649e-01 8.020020629385604138e+01 -5.220466760404772755e-01 6.366724064412365713e-01 5.675522133790023016e-01 7.898067097196308168e+02 2.619798959604828226e-01 -5.135613756960639709e-01 8.170809308175593921e-01 4.570677630998893619e+02
8.084478115077171623e-01 5.816821582432308846e-01 8.976637928461442262e-02 8.035558009175862537e+01 -5.213612790301344058e-01 6.369816827563108408e-01 5.678351455845184192e-01 7.904326309097945114e+02 2.731200336783117244e-01 -5.058657950627035715e-01 8.182330014055441136e-01 4.579421857803161515e+02
8.099319413381170785e-01 5.803954225357014218e-01 8.456597365289593438e-02 8.040298096218558044e+01 -5.185314338530260247e-01 6.411768971401983208e-01 5.657007501143879180e-01 7.911640589872721421e+02 2.741083773010050129e-01 -5.020292223299921419e-01 8.202629196910825593e-01 4.589048417161221209e+02
7.986835757167997096e-01 5.965047710602864317e-01 7.928810744702315116e-02 8.048760506090391686e+01 -5.311933701766079485e-01 6.369789952623029494e-01 5.586513788357030386e-01 7.919068877744014117e+02 2.827333538170553884e-01 -4.883029978373324975e-01 8.256040412585317068e-01 4.597700990813489739e+02
7.989807808207421980e-01 6.005917451572156951e-01 3.031942492983590032e-02 8.134261032311492556e+01 -4.996125592826427542e-01 6.348956264257321624e-01 5.893172610339135753e-01 7.915664592350873363e+02 3.346894119719375227e-01 -4.860011308571938193e-01 8.073325822233324844e-01 4.603328987467120896e+02
7.993780200409391634e-01 6.004077715240644375e-01 2.247863360889892220e-02 8.137573744929484576e+01 -4.940888675658354767e-01 6.356177445154008732e-01 5.931831705339030147e-01 7.921833995755043816e+02 3.418639671315684692e-01 -4.852840310072495944e-01 8.047536500236621704e-01 4.611810343611788880e+02
7.994321342747844339e-01 6.006215003587338508e-01 1.273090710334593909e-02 8.139851258065104389e+01 -4.889059221084603446e-01 6.381307509618407980e-01 5.947773902933275458e-01 7.928690406182701054e+02 3.491121052271521363e-01 -4.817083744172230286e-01 8.037896366588513919e-01 4.620862553488146318e+02
8.004849468788286515e-01 5.993422883471958285e-01 3.559665592951123149e-03 8.138758922684611719e+01 -4.814995965261027466e-01 6.395341988167277947e-01 5.992947080435759855e-01 7.935137680357991030e+02 3.569061338301628417e-01 -4.814403700798023933e-01 8.005205691872103735e-01 4.629470382606459111e+02
8.075828124759002469e-01 5.897075129841633512e-01 -7.419577045495519795e-03 8.132543556759023318e+01 -4.663702702180128057e-01 6.462764825659141898e-01 6.040078469183949306e-01 7.942561939379055502e+02 3.609830633842598946e-01 -4.843260856202638021e-01 7.969438316076323803e-01 4.638681903253530550e+02
8.082023007743374121e-01 5.885610615970385817e-01 -2.012256928973520098e-02 8.136378183267945019e+01 -4.564916946905361872e-01 6.477023056967884385e-01 6.099975867768769877e-01 7.948908045165409249e+02 3.720542617705397959e-01 -4.838156673432709720e-01 7.921477301182838771e-01 4.647911862897793185e+02
8.021406229876917315e-01 5.962733350334643578e-01 -3.207071687652313097e-02 8.136449215154749481e+01 -4.569774800505450596e-01 6.475499714724267664e-01 6.097955535855441589e-01 7.955859411734857076e+02 3.843722202235277385e-01 -4.744861898665888589e-01 7.919096235974839582e-01 4.656188675312468490e+02
8.010064753623338252e-01 5.972096393795414127e-01 -4.158452909142041493e-02 8.132757880481241841e+01 -4.519428404882531725e-01 6.487971416215141396e-01 6.122172310178384258e-01 7.962959636016749982e+02 3.926019553682999486e-01 -4.715961361757478043e-01 7.895953324235636117e-01 4.665125100389574300e+02
7.875662409548623843e-01 6.130897881406234262e-01 -6.213153616239371069e-02 8.146945729437005923e+01 -4.569205172300543905e-01 6.486381720284591923e-01 6.086806738527074101e-01 7.970945607071253107e+02 4.134767914193482885e-01 -4.509871766084343481e-01 7.909788299899684905e-01 4.674201155987356060e+02
7.835865530876482410e-01 6.167431522696124047e-01 -7.496664557484933322e-02 8.149376833190598290e+01 -4.512729865757500458e-01 6.479396153564905836e-01 6.136179156760932507e-01 7.976613961796206240e+02 4.270185071015220601e-01 -4.469923254153326808e-01 7.860362940809836330e-01 4.682199384847560282e+02
7.836137521069487244e-01 6.159349559616417169e-01 -8.107784859863007010e-02 8.137289501238142009e+01 -4.468230026234716878e-01 6.494541392101537136e-01 6.152710991013048414e-01 7.983436938053766880e+02 4.316233217000735589e-01 -4.459074467726510393e-01 7.841351012914005159e-01 4.690480726546434198e+02
7.811750288482817162e-01 6.179197438854633351e-01 -8.911096689180195152e-02 8.125103717086896893e+01 -4.436817508417147948e-01 6.498927608433296976e-01 6.170785228586791460e-01 7.990278569353064313e+02 4.392175750967926562e-01 -4.425094230860336375e-01 7.818397100468507110e-01 4.698846565338058099e+02
7.814983752514470527e-01 6.166328188508470864e-01 -9.499608515822925703e-02 8.108450133978671204e+01 -4.372367018095979496e-01 6.499067421111224263e-01 6.216472417289053976e-01 7.997600120538721740e+02 4.450666872166504362e-01 -4.442805344312777960e-01 7.775155629667095392e-01 4.707788772385154630e+02
7.809333114233338868e-01 6.162645517965934516e-01 -1.017898094521838132e-01 8.096993809365044115e+01 -4.304880711339928445e-01 6.491072577994498882e-01 6.271680703634370246e-01 8.004435725699134991e+02 4.525739538690992103e-01 -4.459571392757370467e-01 7.722040185134209089e-01 4.716769359968373578e+02
7.786960514684005963e-01 6.182164586114500260e-01 -1.069620013342222203e-01 8.082418020058386787e+01 -4.284433352377576831e-01 6.485185621276294832e-01 6.291740483095620284e-01 8.011769306362078851e+02 4.583325953037360456e-01 -4.441081905097081228e-01 7.698695650591202977e-01 4.725537264755369051e+02
7.787118994025666874e-01 6.172929667556112943e-01 -1.120587833366240155e-01 8.077119196685427482e+01 -4.227645185987266019e-01 6.482719299052820405e-01 6.332563988708312941e-01 8.014688732406851841e+02 4.635492849124261960e-01 -4.457498155814706986e-01 7.657866297907326425e-01 4.729442010570692787e+02
7.767865389501162898e-01 6.179226141769853520e-01 -1.215496433337485693e-01 8.064033551608918060e+01 -4.169358925637078328e-01 6.492542572049713190e-01 6.361079868963367412e-01 8.021693035004908552e+02 4.719821335580310362e-01 -4.434417125055779008e-01 7.619660840300664928e-01 4.738239037625293690e+02
7.748268747983209082e-01 6.190601454335888931e-01 -1.280931318455133250e-01 8.043774328086938397e+01 -4.149921775115513745e-01 6.509390064767534012e-01 6.356570635580658379e-01 8.029945568472518289e+02 4.768907701921635822e-01 -4.393665282913335468e-01 7.612701538368166210e-01 4.747554624102838829e+02
7.728411185935297745e-01 6.205714826921949756e-01 -1.326937838796297675e-01 8.037239353320349267e+01 -4.109837055025408747e-01 6.487727771797612286e-01 6.404578654383484837e-01 8.032161097100399729e+02 4.835380018390376122e-01 -4.404371901413979828e-01 7.564430463146881722e-01 4.750556819019118961e+02
7.725899283070556400e-01 6.202213847223825294e-01 -1.357580075411031484e-01 8.016072158549719973e+01 -4.085503363556750589e-01 6.493239272301174481e-01 6.414554233850597864e-01 8.040399023471554756e+02 4.859952935390944861e-01 -4.401180199213449717e-01 7.550527817300908273e-01 4.759535330895308221e+02
7.739510873300138316e-01 6.181375926962944245e-01 -1.374977487681187382e-01 7.992308167131511709e+01 -4.055832301161904629e-01 6.506277463336412881e-01 6.420169617302246001e-01 8.048288280524355969e+02 4.863146696010657855e-01 -4.411229445363447632e-01 7.542602932240138891e-01 4.767938878968188305e+02
7.745725956016955571e-01 6.162844525581414601e-01 -1.422349031635525562e-01 7.972799044617842412e+01 -3.999026357406627041e-01 6.514233814033899561e-01 6.447677567067298110e-01 8.055851063165587220e+02 4.900154855415385646e-01 -4.425393222031954732e-01 7.510284763132557551e-01 4.776809082615284296e+02
7.780701511087091404e-01 6.111637185646354720e-01 -1.452093284327768685e-01 7.970173381306230453e+01 -3.901047398893898177e-01 6.512864429862705862e-01 6.508796056861105850e-01 8.055490288407362414e+02 4.923668671524217277e-01 -4.497831458519894743e-01 7.451644045698792018e-01 4.776890721545395877e+02
7.799107643779958909e-01 6.085104053424909010e-01 -1.464728172639143122e-01 7.954005718749759524e+01 -3.855219315394827206e-01 6.514102557906025215e-01 6.534810777313082575e-01 8.060946504560803305e+02 4.930639308541889254e-01 -4.531884434103694015e-01 7.426359773468337311e-01 4.782864515819193230e+02
-2.918833216500031358e-01 4.585126787244924174e-01 8.393868297700597392e-01 5.401355116065261086e+01 7.513897406545830826e-01 -4.330786468635487996e-01 4.978517281981254539e-01 8.635303958883058613e+02 5.917918419356489323e-01 7.760212684454694809e-01 -2.181132887714126445e-01 3.611987918887766682e+02
-2.904424936025322701e-01 4.591816974478967195e-01 8.395208911270718444e-01 5.499569510994594879e+01 7.516304673661043934e-01 -4.334856098660939683e-01 4.971336506071749595e-01 8.640539142432983226e+02 5.921948990298233628e-01 7.753982168975360745e-01 -2.192323123884004354e-01 3.608916510407726719e+02
-2.859492340125741605e-01 4.641682199263564290e-01 8.383202843651110792e-01 5.588062518817027069e+01 7.517713326751255254e-01 -4.338200197123328605e-01 4.966286881208541448e-01 8.645450702151599671e+02 5.941993764179450688e-01 7.722357503425871794e-01 -2.248978589434159348e-01 3.606407086094637862e+02
-2.791638413478124137e-01 4.666893794051649724e-01 8.392071096185591550e-01 5.692665945208712941e+01 7.516827429310095621e-01 -4.376241638472203044e-01 4.934147800752609059e-01 8.651477733217532204e+02 5.975287471441295128e-01 7.685610674288883004e-01 -2.286335101618304499e-01 3.603325478866468075e+02
-2.815404898406871914e-01 4.651576488484186478e-01 8.392635547300142385e-01 5.711898329023123466e+01 7.469038059305254107e-01 -4.428485010678669398e-01 4.960039413033188183e-01 8.651183356836563689e+02 6.023866343692840797e-01 7.664943358040844368e-01 -2.227482343667166742e-01 3.601958034731123348e+02
-2.686646537916254074e-01 4.665388486115623068e-01 8.427103930409339805e-01 5.805143727701696577e+01 7.511357668184887038e-01 -4.462171455820064248e-01 4.865031539410958339e-01 8.657041678484265503e+02 6.030044474205956684e-01 7.636961187048378896e-01 -2.305512408687828974e-01 3.599480140059154110e+02
-2.586551689486564776e-01 4.659910301637632535e-01 8.461382058405343409e-01 5.907088831756717440e+01 7.558639161615750002e-01 -4.477800891053124177e-01 4.776638274411327267e-01 8.662787097682600006e+02 6.014709002279496897e-01 7.631155558680113860e-01 -2.364051703563689322e-01 3.596503831111787122e+02
-2.526155130841190033e-01 4.580690998974528694e-01 8.522664502773570350e-01 5.955777914543389073e+01 7.608133636048192150e-01 -4.501623194081513235e-01 4.674579253209658614e-01 8.666207736874778220e+02 5.977862731023184661e-01 7.665028283732583381e-01 -2.347871073679845821e-01 3.594883990475061637e+02
-2.433212954855831500e-01 4.595190809959730505e-01 8.541878958190736171e-01 6.055595829399313601e+01 7.647642873284283827e-01 -4.507877311133748344e-01 4.603542182979145636e-01 8.671433858456969119e+02 5.965989708256709267e-01 7.652663821691542134e-01 -2.417375277681854395e-01 3.592018597663429205e+02
-2.310094793657661572e-01 4.601559006844936905e-01 8.572579352262558183e-01 6.161831771702841820e+01 7.686806092708147187e-01 -4.538278787410773840e-01 4.507442483364723085e-01 8.677057953518468594e+02 5.964601758493179862e-01 7.630837460872891276e-01 -2.488743761080696171e-01 3.588547351064158306e+02
-2.333967527613755033e-01 4.607335853414837312e-01 8.563004841402405143e-01 6.183724929175021146e+01 7.716528514198642830e-01 -4.480805807140586516e-01 4.514151859237047204e-01 8.676758650801674548e+02 5.916737552875148687e-01 7.661255488008010817e-01 -2.509458323595594176e-01 3.587620540703936740e+02
-2.271544712893242834e-01 4.619385945641732438e-01 8.573293305523419505e-01 6.290842991655781447e+01 7.719612248061646920e-01 -4.512767896260931888e-01 4.476886491084188791e-01 8.681217725834248995e+02 5.936974933154304246e-01 7.635194784658989597e-01 -2.540891426923374552e-01 3.583618194444969731e+02
-2.234400219268152799e-01 4.839856969855947932e-01 8.460687925427196054e-01 6.434918818691284059e+01 8.035852885943058910e-01 -3.997985976000604236e-01 4.409214956336550140e-01 8.690536646934906457e+02 5.516568141119461144e-01 7.784079434784749729e-01 -2.995927785736172133e-01 3.584854352541889853e+02
-8.954456865084727824e-01 -4.451701898082792708e-01 7.243061599123044002e-04 9.134337574497550349e+01 4.447556472086205970e-01 -8.945392301995216400e-01 4.463160214552766569e-02 8.286238761199290366e+02 -1.922073852385934242e-02 4.028731487810222750e-02 9.990032509809471106e-01 4.081758807899776116e+02
-8.960820455377379590e-01 -4.437852303030461187e-01 9.572723215392302948e-03 9.139274692430065272e+01 4.437899533356024495e-01 -8.952205190382470645e-01 4.038192183716771133e-02 8.286458093612684479e+02 -9.351202237097946610e-03 4.043379351164606839e-02 9.991384605543761621e-01 4.091777564205729618e+02
-8.951014716226501911e-01 -4.452400474275492459e-01 2.355112875556759564e-02 9.136755104212795686e+01 4.458295131026994707e-01 -8.944281574355749109e-01 3.513283980835945480e-02 8.287194697868571893e+02 5.422245435828164373e-03 4.194724488085727759e-02 9.991051135397761573e-01 4.103801665488217054e+02
-8.920132295433991221e-01 -4.515329078240694627e-01 2.074684244591071605e-02 9.148988656270259412e+01 4.519937036161485455e-01 -8.914235588383738751e-01 3.264553015767332478e-02 8.286569214388979390e+02 3.753692968236469613e-03 3.849768694156883303e-02 9.992516389224681550e-01 4.103673747872801982e+02
-8.936369873102023575e-01 -4.477844503412876098e-01 3.003366350744442886e-02 9.155869943844106729e+01 4.485439686821849903e-01 -8.933618067915494176e-01 2.670187867854794186e-02 8.287097178030127225e+02 1.487424182842303141e-02 3.733320504151280833e-02 9.991921680694597629e-01 4.115313434316128109e+02
-8.933795270414500722e-01 -4.471040714243693648e-01 4.439560765357513511e-02 9.157440513834751528e+01 4.482845527740854652e-01 -8.936414370283753961e-01 2.111733340147070939e-02 8.287731574506825609e+02 3.023210887986197207e-02 3.876765844869745764e-02 9.987908130590067435e-01 4.129636387252533609e+02
-8.915978328841511757e-01 -4.481806032468909629e-01 6.471051900210747498e-02 9.140107602508217610e+01 4.495663862011062273e-01 -8.932118539877724750e-01 7.915067516702751355e-03 8.289084770405690961e+02 5.425282291600447282e-02 3.614873122199750016e-02 9.978726874890788689e-01 4.138705929157391097e+02
