1.000000000000000000e+00 0.000000000000000000e+00 0.000000000000000000e+00 0.000000000000000000e+00 0.000000000000000000e+00 1.000000000000000000e+00 0.000000000000000000e+00 0.000000000000000000e+00 0.000000000000000000e+00 0.000000000000000000e+00 1.000000000000000000e+00 0.000000000000000000e+00
9.999979385616482030e-01 -2.016469567884492369e-03 -2.381657739574033548e-04 -2.264517620874475362e-02 2.016498964108738405e-03 9.999979592683526652e-01 1.232520051854043436e-04 2.092795488630841243e-03 2.379167540073359689e-04 -1.237320121454655013e-04 9.999999640430026204e-01 1.213552815036345711e+00
9.998682766923061571e-01 1.233363211884823049e-02 -1.055039255735901356e-02 2.984570391671651501e-01 -1.235437697673424408e-02 9.999218702561855077e-01 -1.903353064326690665e-03 6.732143440378281218e-02 1.052609300140368125e-02 2.033445875271493782e-03 9.999425315806887982e-01 2.599713263288597531e+00
9.998574938407295276e-01 1.122463632946090958e-02 -1.260950236157150350e-02 3.078544395850945636e-01 -1.129376941351679063e-02 9.999215077897408710e-01 -5.424853170765148863e-03 8.291550140735155783e-02 1.254762060987832210e-02 5.566488907865962607e-03 9.999057812705496318e-01 3.717589915949022661e+00
9.998576839468791277e-01 5.236132571787541039e-03 -1.603729304069384520e-02 3.411418044707051900e-01 -5.339690887094490981e-03 9.999651264055819944e-01 -6.421345178225855259e-03 6.467580407381509633e-02 1.600311074799838987e-02 6.506065505227422510e-03 9.998507746449109002e-01 4.969069947922708508e+00
9.996957578039696868e-01 4.699886142588221086e-03 -2.421369238660452464e-02 5.312156481075163139e-01 -4.875750799587343261e-03 9.999621271543621681e-01 -7.209113056525467099e-03 4.967541213609717038e-02 2.417889333461574822e-02 7.324979670152667426e-03 9.996808119544682292e-01 6.123230415025317619e+00
9.993953829875344974e-01 -1.111485573391339781e-04 -3.476860809979740591e-02 6.760396286166108215e-01 -1.871708982688303157e-04 9.999632013531492003e-01 -8.576765510031147607e-03 4.166250039934211308e-02 3.476828195717955594e-02 8.578087523301450648e-03 9.993585857859972332e-01 7.350009526093312928e+00
9.991397783008248989e-01 9.937473672380395771e-04 -4.145739841268359510e-02 8.045959260363229060e-01 -1.384872962233494806e-03 9.999547966063179194e-01 -9.406746031050929741e-03 1.462320146727306633e-02 4.144617646847954806e-02 9.456067374142656384e-03 9.990959900059446230e-01 8.685449706803108683e+00
9.989432133958426885e-01 2.204714659443751754e-03 -4.590855741207624380e-02 7.822997091220834642e-01 -2.849891030450727673e-03 9.998980345792123359e-01 -1.399280406993756026e-02 2.941811623348736249e-03 4.587302618644231722e-02 1.410885104803146807e-02 9.988476389272802347e-01 1.006387257732824025e+01
9.987634407710214157e-01 8.886998172036541382e-03 -4.891431940362002406e-02 7.884202813090535056e-01 -1.000862278477039451e-02 9.996914616795100628e-01 -2.273343165984825429e-02 2.661763472961112612e-02 4.869719549605822789e-02 2.319488539680755745e-02 9.985442305888342363e-01 1.141399996034196285e+01
9.985593054191226337e-01 1.357999090545362712e-02 -5.191240129185067942e-02 7.511113851806496822e-01 -1.487754851718585056e-02 9.995844211017161918e-01 -2.469096273662815116e-02 -1.638565690200796329e-02 5.155552454390437134e-02 2.542771986928002090e-02 9.983463622166661722e-01 1.276053641513018455e+01
9.986355663657994208e-01 1.413664259747379921e-02 -5.027087551782408181e-02 6.421442573437780021e-01 -1.541111940807949818e-02 9.995672635968858577e-01 -2.505559705972902618e-02 -6.756430176696689993e-02 4.989491945927149175e-02 2.579614082572969161e-02 9.984212818898898778e-01 1.411727929403631343e+01
9.986181509569961312e-01 1.354295613205491050e-02 -5.077772068961564772e-02 5.653041485242839004e-01 -1.486334624922723037e-02 9.995587731941576459e-01 -2.571652909826026290e-02 -1.080696243230491183e-01 5.040703837266145154e-02 2.643571958149281906e-02 9.983788275062250861e-01 1.548751391714600700e+01
9.982775013549590737e-01 1.218991234738397988e-02 -5.738846857565946952e-02 5.944844595405006649e-01 -1.360459430782571567e-02 9.996115254070591094e-01 -2.432515749356356852e-02 -1.477827569330348034e-01 5.706965307600732340e-02 2.506400427565980832e-02 9.980555347211158557e-01 1.681059784100861165e+01
9.977475319743386306e-01 8.660036043330333541e-03 -6.651966787982081797e-02 6.472748549437473686e-01 -1.039264329168379519e-02 9.996145244992776790e-01 -2.574481259378696985e-02 -1.691498478800999850e-01 6.627107517254618441e-02 2.637813840674912633e-02 9.974529254103512432e-01 1.807485475363365879e+01
9.973171582764311927e-01 6.941513701895102653e-03 -7.287181344626104951e-02 6.233511650626251122e-01 -9.076182223007465272e-03 9.995381083958950752e-01 -2.900332361306037429e-02 -2.143715412505620699e-01 7.263682759919402876e-02 2.958691014410842757e-02 9.969195082976596289e-01 1.939042795636217775e+01
9.972529721776612899e-01 8.038032905666686254e-03 -7.363354880640084199e-02 5.401589141876149691e-01 -1.044375565328738500e-02 9.994221972263203080e-01 -3.234500980308888801e-02 -2.584645868834904436e-01 7.333101288453354460e-02 3.302516795286452450e-02 9.967607038958807841e-01 2.066662121929652685e+01
9.969649570133353178e-01 1.308386158277272289e-02 -7.674429655340728185e-02 4.082412957098208728e-01 -1.557852369994206995e-02 9.993665160439071382e-01 -3.199806571630712387e-02 -3.485363227527000785e-01 7.627702201007072191e-02 3.309651305406068056e-02 9.965372229560403028e-01 2.216196174756404957e+01
9.964780104259133298e-01 1.670782897615782567e-02 -8.217312935815757058e-02 3.323107678577159607e-01 -1.939320202277955776e-02 9.993000083904248765e-01 -3.199057589652216232e-02 -3.926099589849482152e-01 8.158111578614679615e-02 3.347150552023234887e-02 9.961045024821920668e-01 2.359663171405141213e+01
9.966503373215757078e-01 1.785595690689417703e-02 -7.980770589187470565e-02 1.630871938176871039e-01 -2.015943714371607257e-02 9.994003818624624946e-01 -2.815091165847872015e-02 -4.548080186966574345e-01 7.925719027844345399e-02 2.966549403084413686e-02 9.964126937434463205e-01 2.501581851572247928e+01
9.970360435821455924e-01 1.803521084562518736e-02 -7.479210498315928823e-02 -2.253589446545362085e-02 -2.027029204085709774e-02 9.993670659808723267e-01 -2.923324637037898535e-02 -4.730521598956859974e-01 7.421753875356175423e-02 3.066265811254386200e-02 9.967705645427313854e-01 2.636515934316616594e+01
9.973605691570148757e-01 1.819472370792475993e-02 -7.029115961473535179e-02 -1.859389388807871080e-01 -2.052037363625888039e-02 9.992608397947819743e-01 -3.250674266127513701e-02 -5.071039920569277992e-01 6.964775198540330836e-02 3.386334422071028694e-02 9.969967224427411789e-01 2.776213905630562451e+01
9.976003973866361951e-01 1.498958285969862435e-02 -6.759259974075693123e-02 -3.597229466488834349e-01 -1.756590231690466353e-02 9.991353205402174753e-01 -3.768355509743663567e-02 -5.471153608543987135e-01 6.696929303654695909e-02 3.878045454453581120e-02 9.970010983622357159e-01 2.913087041030785684e+01
9.975383166207300034e-01 8.056745295940493171e-03 -6.965913959209907302e-02 -3.378429901997057616e-01 -1.090651338314556178e-02 9.991148502690857525e-01 -4.062713302212194594e-02 -6.141279049668819656e-01 6.927015836057005826e-02 4.128686022223372609e-02 9.967432168485980126e-01 3.029925137039614569e+01
9.976572644342940333e-01 1.112735036439677951e-02 -6.749936885145436938e-02 -4.854397235931648957e-01 -1.398903949838570075e-02 9.990166274535530189e-01 -4.207237627271340902e-02 -6.894925088966044058e-01 6.696483775377427838e-02 4.291806315746470035e-02 9.968318566134533043e-01 3.169352962751038305e+01
9.976553040134735761e-01 9.769848232372856447e-03 -6.773805754001957502e-02 -6.154391710932227699e-01 -1.283138337117560417e-02 9.989086309977113221e-01 -4.490993786515665859e-02 -7.572741413493733198e-01 6.722536704667739227e-02 4.567381069920391917e-02 9.966918546078592511e-01 3.305046374905741402e+01
9.976901002377911443e-01 8.963145110980655708e-03 -6.733591847759461124e-02 -7.436735200978242810e-01 -1.226922960057091200e-02 9.987309413737345265e-01 -4.884642000939545120e-02 -8.027967953763187614e-01 6.681264769869713072e-02 4.955974951959803837e-02 9.965339438950614470e-01 3.451724035932514312e+01
9.973414291360928052e-01 7.816389949983704524e-03 -7.244982937812853574e-02 -7.663196066988203770e-01 -1.118423355277415980e-02 9.988697495625145084e-01 -4.619671339768349760e-02 -8.931043865837652307e-01 7.200685140045440247e-02 4.688419197405990085e-02 9.963016038802369190e-01 3.582154523880448949e+01
9.973530084290433972e-01 8.909110343871394500e-03 -7.216373279156040876e-02 -9.163465500898577698e-01 -1.227918669283943956e-02 9.988478263770291798e-01 -4.639225491433832116e-02 -9.711311702982230454e-01 7.166727392397020946e-02 4.715556695402225995e-02 9.963132812291278784e-01 3.730899222125047032e+01
9.969605703243442640e-01 1.024548885841495595e-02 -7.723115418407260069e-02 -9.565475257250010133e-01 -1.401024686703084866e-02 9.987315367047286951e-01 -4.836352524502767619e-02 -1.038441739176962475e+00 7.663768134068726923e-02 4.929855524712333653e-02 9.958395042622427695e-01 3.872561350395493918e+01
9.967748647879264290e-01 1.524280509727852714e-02 -7.878785325017675922e-02 -1.073814321970213426e+00 -1.916926256629459049e-02 9.985989486942450366e-01 -4.932219621430321971e-02 -1.119069500816256779e+00 7.792565880163888903e-02 5.067343050854309500e-02 9.956705253952367052e-01 4.014967363689011393e+01
9.964498767277869540e-01 1.753685443382139650e-02 -8.234137420361245518e-02 -1.148165885841130773e+00 -2.220019970853083155e-02 9.981802950960528831e-01 -5.606469133820853046e-02 -1.126177532864388153e+00 8.120833887030139142e-02 5.769364972433458499e-02 9.950259536712655617e-01 4.159564602050223669e+01
9.963679437857061449e-01 1.982973031568102326e-02 -8.281124556391053493e-02 -1.267807680727826902e+00 -2.456529916677528333e-02 9.980967516603133083e-01 -5.656341929169953625e-02 -1.224848567753487938e+00 8.153199784799672334e-02 5.839226079481035087e-02 9.949587314085870382e-01 4.302590424464804642e+01
9.953521139839285325e-01 2.048302992349090162e-02 -9.409896212431692608e-02 -1.113911981637859316e+00 -2.616759992090129244e-02 9.978805301864106525e-01 -5.957939399874388753e-02 -1.280147243939784296e+00 9.267915570450506457e-02 6.176481976037243027e-02 9.937784869566601564e-01 4.435002653115535765e+01
9.943157861727724978e-01 1.843607638922701783e-02 -1.048629031401859396e-01 -9.869427878056935555e-01 -2.483110478633131918e-02 9.978888906386121915e-01 -6.000981732283834635e-02 -1.384182571153344421e+00 1.035351805074374854e-01 6.227257042551549021e-02 9.926744649530838682e-01 4.563325633595270858e+01
9.937794128107311220e-01 1.511515222270465829e-02 -1.103359000816972052e-01 -1.036398354579021630e+00 -2.220104824387745049e-02 9.977489809375873486e-01 -6.327783573155758290e-02 -1.454686357716794332e+00 1.091310777479395228e-01 6.533378307798681783e-02 9.918779686323774269e-01 4.695994682874850668e+01
9.934544847084681995e-01 1.521759974544902895e-02 -1.132104742089457550e-01 -1.182288257502669193e+00 -2.294244740617248576e-02 9.974725037689567975e-01 -6.724766413708549440e-02 -1.522927131840257742e+00 1.119009871254139504e-01 6.940481887352323298e-02 9.912926612244696845e-01 4.843463064488945236e+01
9.933468573290851200e-01 1.605858023039367574e-02 -1.140357094747470323e-01 -1.360857965685484672e+00 -2.403134000783749974e-02 9.973349291665939420e-01 -6.888783464214792707e-02 -1.637589933022285171e+00 1.126255554119604818e-01 7.116994495740622262e-02 9.910854267937286854e-01 4.986877949104528085e+01
9.932136113064378158e-01 2.112823067613829597e-02 -1.143692274351620908e-01 -1.544596692634973900e+00 -2.983016135319599763e-02 9.967434357301105941e-01 -7.491785369702415320e-02 -1.695561142752022965e+00 1.124138950008504445e-01 7.782108452998029446e-02 9.906094058776723221e-01 5.131746785728839200e+01
9.932914682365914238e-01 2.580066892644553370e-02 -1.127226002687095469e-01 -1.744994632873537288e+00 -3.477932701075781008e-02 9.963130253943868198e-01 -7.842674188154208359e-02 -1.802859318654344012e+00 1.102835325017750695e-01 8.182102976877785039e-02 9.905265577189269477e-01 5.275782356204883428e+01
9.929211006687053143e-01 2.090585250933103476e-02 -1.169214829605716571e-01 -1.856458666083152131e+00 -3.040816551128474807e-02 9.963239395751027905e-01 -8.008714565881834557e-02 -1.906984784116318110e+00 1.148173824692038658e-01 8.307558462265915433e-02 9.899067713287568182e-01 5.414876048330603453e+01
9.925990150928865052e-01 1.976134862383113061e-02 -1.198193821432645412e-01 -1.984660666468963219e+00 -2.968608183045053431e-02 9.962212885225126824e-01 -8.162034574842989831e-02 -2.027799167001233638e+00 1.177536911616023640e-01 8.457324278461179901e-02 9.894349068143456494e-01 5.555071082026246643e+01
9.924340042128769745e-01 1.718247883918310945e-02 -1.215710068352264389e-01 -2.160748153366474966e+00 -2.759371568598011776e-02 9.960429342212425707e-01 -8.448112240359173519e-02 -2.142560059367899505e+00 1.196383472663799657e-01 8.719653438566474235e-02 9.889810060130064251e-01 5.690962584792968926e+01
9.925182934561459502e-01 1.854075252446786559e-02 -1.206800631865917461e-01 -2.364809908017013296e+00 -2.925403674560510259e-02 9.957245486782754229e-01 -8.761748965544868817e-02 -2.259266343669802168e+00 1.185396072584184446e-01 9.049234031266038814e-02 9.888172216622025390e-01 5.830936786914558212e+01
9.924302517493824860e-01 1.997929158148872494e-02 -1.211735256586718157e-01 -2.502258614360869604e+00 -3.148942056204172973e-02 9.950900048797002295e-01 -9.383122391387720140e-02 -2.345802474762860967e+00 1.187038828569553228e-01 9.693662928125358624e-02 9.881865603712038926e-01 5.972722657956197878e+01
9.923555684276135214e-01 1.174370423407172966e-02 -1.228515820881588977e-01 -2.684816930042944083e+00 -2.316514213907723899e-02 9.954933266864762764e-01 -9.195875549592395781e-02 -2.509423636330748941e+00 1.212179937153610165e-01 9.410165744313672698e-02 9.881553906476840954e-01 6.117764568389539903e+01
9.919245628191626363e-01 1.128824459005545351e-02 -1.263259166207950923e-01 -2.768271401985909375e+00 -2.382811781917122326e-02 9.948813699273609812e-01 -9.820020658146857984e-02 -2.608764030828162550e+00 1.245707930343412650e-01 1.004173058069301461e-01 9.871162455441977457e-01 6.253632833949944825e+01
9.929481985964964119e-01 2.076412056149082915e-03 -1.185308542825087436e-01 -3.081676531434785815e+00 -1.436192972187595035e-02 9.945891956963024416e-01 -1.028886134556988990e-01 -2.704683404405331615e+00 1.176758678686166820e-01 1.038653951860071950e-01 9.876053714942130135e-01 6.374826384043711158e+01
9.925159685244145935e-01 1.935162023459998087e-03 -1.220995797371330488e-01 -3.221902007473711027e+00 -1.472126383724305446e-02 9.944783963606975696e-01 -1.039038188079678959e-01 -2.871073980082228250e+00 1.212243235290503263e-01 1.049236594853026200e-01 9.870641767712657888e-01 6.517511288857754437e+01
9.906242817592796346e-01 -3.444118341087475024e-03 -1.365711186077164241e-01 -3.217116375049715593e+00 -1.058795370397948819e-02 9.947397336175730631e-01 -1.018860029581666188e-01 -3.081895533620395256e+00 1.362036255951830643e-01 1.023767571828770456e-01 9.853768679867846991e-01 6.669444900415302868e+01
9.910766324686274276e-01 -8.918917046606574233e-04 -1.332903338724603093e-01 -3.441952093962931336e+00 -1.251675880365023426e-02 9.949362589303406557e-01 -9.972548026827460221e-02 -3.266779392674501459e+00 1.327043304632373188e-01 1.005039561155378763e-01 9.860469134282758841e-01 6.807353455400563291e+01
9.905664422041806638e-01 8.833438781348273289e-03 -1.367482867835954907e-01 -3.592176926233550116e+00 -2.328235681329294746e-02 9.942601682847299616e-01 -1.044253303735624278e-01 -3.391846999279786612e+00 1.350409398670303907e-01 1.066240503906382420e-01 9.850864207967354735e-01 6.948700400384140607e+01
9.912181236655027705e-01 1.331712607869914820e-02 -1.315647577052641015e-01 -3.822186149431072710e+00 -2.713688175051038112e-02 9.942264015059213422e-01 -1.038145086075833168e-01 -3.558656261858126335e+00 1.294226447183789708e-01 1.064730797036474025e-01 9.858566134750631482e-01 7.076946217620522361e+01
9.910987079599500316e-01 1.782312703053658826e-02 -1.319306151845384134e-01 -4.053867061294237573e+00 -3.169454318763485073e-02 9.940929207004738366e-01 -1.038013532923249688e-01 -3.732624621362125694e+00 1.293012258729384634e-01 1.070588677132554567e-01 9.858091051677855265e-01 7.215351577945709494e+01
9.903351576063502693e-01 2.326745961180885433e-02 -1.367292980016345527e-01 -4.176476261173864835e+00 -3.742481759968525890e-02 9.940900905005823907e-01 -1.019032629318760985e-01 -3.922049115358165583e+00 1.335502101699483357e-01 1.060354529944852187e-01 9.853531468827891882e-01 7.353793741638419590e+01
9.891611433230549366e-01 2.884207690829616519e-02 -1.439734945725880122e-01 -4.253508647091427619e+00 -4.414430788949336854e-02 9.935709813185057415e-01 -1.042496290771720430e-01 -4.084348342673173704e+00 1.400411104668369267e-01 1.094752925613187294e-01 9.840750213768399979e-01 7.494404328071560428e+01
9.879465217029237412e-01 2.809898596032281426e-02 -1.522239049659918353e-01 -4.345016013597511773e+00 -4.426261925782576379e-02 9.936066690513832844e-01 -1.038585949887696619e-01 -4.259669281430187304e+00 1.483323659608063172e-01 1.093445664155571345e-01 9.828739873472401856e-01 7.631116978013130847e+01
9.878477056686640889e-01 3.086067549154673101e-02 -1.523303289347241463e-01 -4.568759657998809232e+00 -4.681373983979311704e-02 9.936537185935724326e-01 -1.022778631345351713e-01 -4.475261355256489715e+00 1.482072338564082159e-01 1.081661048266047281e-01 9.830232497755440058e-01 7.775157115700746147e+01
9.869978665780870797e-01 3.638941752834784493e-02 -1.565599618748356181e-01 -4.692087213185069494e+00 -5.352010981716358307e-02 9.928567864622737105e-01 -1.066348883853393409e-01 -4.634912893666079725e+00 1.515612391591637242e-01 1.136275136916348044e-01 9.818950956781462569e-01 7.910712914259009665e+01
9.863442746486472679e-01 3.841451399489090313e-02 -1.601539789776321998e-01 -4.836157270468355307e+00 -5.638017144654008939e-02 9.924209072593436209e-01 -1.091879988926774542e-01 -4.810210650987915670e+00 1.547457532066401353e-01 1.167264663607400915e-01 9.810344968019436562e-01 8.048956759815591511e+01
9.854927831392807924e-01 3.872044705992377933e-02 -1.652413427683049885e-01 -4.999697950776201161e+00 -5.729636384364399787e-02 9.923699149969675837e-01 -1.091745322829264647e-01 -4.981232020396401339e+00 1.597532505794161395e-01 1.170584417646959308e-01 9.801919302569928050e-01 8.179626909686362524e+01
9.856960620945316442e-01 3.744657243366605881e-02 -1.643198934526862998e-01 -5.262475424567610638e+00 -5.627351992364974798e-02 9.921743855572332516e-01 -1.114597667300472883e-01 -5.125194933317358092e+00 1.588602030929543718e-01 1.191123119458447621e-01 9.800896351947506746e-01 8.297752454132690048e+01
9.852917647386330025e-01 3.788684917221041976e-02 -1.666275037262204550e-01 -5.487512907201507417e+00 -5.708031598699235543e-02 9.920728964468876754e-01 -1.119518006210512839e-01 -5.294330747934927750e+00 1.610651292647004851e-01 1.198163377643999133e-01 9.796438482120282121e-01 8.426813791734871018e+01
9.858245826240904508e-01 3.466166056236298643e-02 -1.641598659267760885e-01 -5.852034866644466149e+00 -5.341210375294601354e-02 9.923592455430549908e-01 -1.112217377938810176e-01 -5.452819225146350313e+00 1.590504305769785409e-01 1.184132470303297241e-01 9.801434912608512073e-01 8.553733769416652422e+01
9.856255025399357494e-01 2.509038761930440856e-02 -1.670713655657744268e-01 -6.029356690509604988e+00 -4.411959063517668228e-02 9.928203601654567168e-01 -1.111809073676995469e-01 -5.599646239657428026e+00 1.630822812726269166e-01 1.169538579527570205e-01 9.796560440506050238e-01 8.672872548552092553e+01
9.851912207260032917e-01 2.064266535030543845e-02 -1.702120412063794497e-01 -6.221393378760577519e+00 -4.011812263555385866e-02 9.929220721396716520e-01 -1.117868279094024336e-01 -5.749063754974202745e+00 1.666997145786570933e-01 1.169599889923175207e-01 9.790462533171300219e-01 8.799718029359834759e+01
9.851256907027517995e-01 1.579065776166752033e-02 -1.711082366365750118e-01 -6.500962237349030559e+00 -3.552714162952164134e-02 9.929703884028039385e-01 -1.129054027175258046e-01 -5.921227492745848586e+00 1.681225616181846461e-01 1.173049993931404855e-01 9.787616366574212190e-01 8.933864107925302278e+01
9.849616472888127472e-01 2.013263569179379528e-02 -1.715961256853033023e-01 -6.736297494649168272e+00 -3.907784183281369506e-02 9.934092420492512954e-01 -1.077543506722944550e-01 -6.175722864077616059e+00 1.682957980693355893e-01 1.128395089993737416e-01 9.792567434340108123e-01 9.067319931775821829e+01
9.838954886701617442e-01 1.119601244596869251e-02 -1.783937125568356430e-01 -6.881728989178078848e+00 -3.049668557041307002e-02 9.939175324093961761e-01 -1.058200875940926017e-01 -6.359034225599160983e+00 1.761238755641058862e-01 1.095563237540936458e-01 9.782524175189993842e-01 9.189604215254878739e+01
9.829705282379792575e-01 7.599819882866841979e-03 -1.836060547838595514e-01 -7.033466311260391457e+00 -2.779769990538858565e-02 9.937963550350010777e-01 -1.076851549615841924e-01 -6.494161374177640944e+00 1.816486402247914078e-01 1.109551596676711521e-01 9.770837855821812301e-01 9.317472574993530543e+01
9.818794150238056018e-01 7.547352432601002123e-03 -1.893564147943392617e-01 -7.156581766338806716e+00 -2.882961405334266008e-02 9.935253616185591996e-01 -1.098918066747087557e-01 -6.635003275667234135e+00 1.873010082889124128e-01 1.133595752107177529e-01 9.757396881351096951e-01 9.440690066060754759e+01
9.817856542038803092e-01 1.012198662079754653e-02 -1.897220983077728684e-01 -7.415094229320195574e+00 -3.177152573192697921e-02 9.932652966100495862e-01 -1.114209168100891018e-01 -6.803806690240925548e+00 1.873165752199239809e-01 1.154192182306902348e-01 9.754952099886979866e-01 9.570313568307459207e+01
9.836541864598872253e-01 1.529987206276132300e-02 -1.794167087391753401e-01 -7.813006747627778026e+00 -3.621011573588645005e-02 9.928369845796286564e-01 -1.138575845923722046e-01 -6.946345916717468150e+00 1.763895376101676515e-01 1.184931895328952545e-01 9.771622664921070234e-01 9.694078814006589084e+01
9.831640207456804337e-01 9.726057963368081247e-03 -1.824661944242781109e-01 -8.039892852892263519e+00 -3.156917795800412430e-02 9.926074216998266309e-01 -1.171916950532956997e-01 -7.071615582254947796e+00 1.799774855759498360e-01 1.209789658696999309e-01 9.762029473950876168e-01 9.824499068033931337e+01
9.834804524218664357e-01 1.516736232220162149e-02 -1.803778002534254521e-01 -8.310299628308568387e+00 -3.603368560967722817e-02 9.929442839325859360e-01 -1.129744329792109758e-01 -7.282066537629635405e+00 1.773915815518329053e-01 1.176078234037956777e-01 9.770878295571798766e-01 9.947405254277131803e+01
9.817606583886447913e-01 1.773893078249755631e-02 -1.892916796242909983e-01 -8.382974307745381992e+00 -4.009528411661073682e-02 9.925630622126759839e-01 -1.149388347017293310e-01 -7.448931689099742570e+00 1.858450371462735673e-01 1.204321297066402313e-01 9.751706129198224327e-01 1.007455835679165546e+02
9.799021481749323748e-01 1.629969886791880415e-02 -1.988117195211734078e-01 -8.425259466940334008e+00 -4.100095643814211099e-02 9.918335119055194937e-01 -1.207692271744315454e-01 -7.581697253792293090e+00 1.952196239452075321e-01 1.264934957931320991e-01 9.725680921913508747e-01 1.019587793378925795e+02
9.760564289592789100e-01 1.393166409757035616e-02 -2.170708553047372147e-01 -8.307323684824345023e+00 -4.134611646995823425e-02 9.916354263397775259e-01 -1.222688835344811209e-01 -7.768141821270448055e+00 2.135517411310675351e-01 1.283163667011672227e-01 9.684681532691203909e-01 1.032279558945255786e+02
9.757543073978650616e-01 1.285994659411242129e-02 -2.184906253552011957e-01 -8.534589708980844236e+00 -4.028933621527411302e-02 9.917667955876519059e-01 -1.215540725649310733e-01 -7.955204461150757744e+00 2.151285684929899189e-01 1.274097521518057496e-01 9.682388414408771293e-01 1.045358781839812252e+02
9.747949966091888907e-01 7.206303838640995899e-03 -2.229860618304986553e-01 -8.753405471326143328e+00 -3.579757083171376114e-02 9.915804529016344349e-01 -1.244457285161833376e-01 -8.094949591009246603e+00 2.202118264495311617e-01 1.292914328498234733e-01 9.668456323960923360e-01 1.058578157022309938e+02
9.745587356842170257e-01 7.326395957001334384e-03 -2.240124876516041419e-01 -9.050245559753875568e+00 -3.638083327212172230e-02 9.913819537008775606e-01 -1.258501364585739302e-01 -8.278396263620212636e+00 2.211599097305049499e-01 1.307981108368804213e-01 9.664264837686815657e-01 1.072132320647321819e+02
9.754641727128178230e-01 7.209984223504924648e-03 -2.200401415223877666e-01 -9.380490728483787066e+00 -3.640621058582634018e-02 9.909862621542429029e-01 -1.289217439081822847e-01 -8.447055528865384133e+00 2.171272336315190066e-01 1.337693699956881699e-01 9.669340825860258670e-01 1.084945552276273872e+02
9.763996499408523766e-01 7.478935436094394894e-03 -2.158420466918378466e-01 -9.801856549122700102e+00 -3.685992157134492658e-02 9.905079321304693929e-01 -1.324212315618581715e-01 -8.637899006937679758e+00 2.128028894943233829e-01 1.372519650545948322e-01 9.674072711694482463e-01 1.098063727631292466e+02
9.767503708622182756e-01 1.597223681679737356e-02 -2.137840047140680266e-01 -1.010576780248256235e+01 -4.680942047334254313e-02 9.890483704036839852e-01 -1.399721370728842507e-01 -8.786596028702343020e+00 2.092070533597431281e-01 1.467249421634531370e-01 9.668010137415374849e-01 1.110986568689954765e+02
9.773370804092150754e-01 1.453902984463379885e-02 -2.111891281964248246e-01 -1.037150681163012855e+01 -4.512994193041605651e-02 9.890140232562366629e-01 -1.407641649847470866e-01 -8.983519998460483436e+00 2.068224349497570502e-01 1.471049911242740260e-01 9.672562235456434454e-01 1.123235242335397999e+02
3.618381946646048730e-01 -1.608812483044362585e-01 9.182539653199781604e-01 2.904811265980273674e+03 3.371181021854612880e-01 -8.957557611361672834e-01 -2.897809544642681034e-01 -3.562268542877000073e+02 8.691516013105704541e-01 4.144138515244868426e-01 -2.698826663643122403e-01 9.502706741383963163e+02
3.599610399757584012e-01 -1.612330810790613689e-01 9.189297814660929431e-01 2.906050511323793216e+03 3.379248056557705437e-01 -8.955423862619454889e-01 -2.895007083424053773e-01 -3.566116558869242681e+02 8.696176604819364497e-01 4.147381438618847893e-01 -2.678757111123011847e-01 9.498895879362129335e+02
3.610437155688716038e-01 -1.631423753655608655e-01 9.181677411063318139e-01 2.907243109314980757e+03 3.347947809757286231e-01 -8.962645263173554255e-01 -2.908992153590750918e-01 -3.569391517789032946e+02 8.703791645482056305e-01 4.124251013519890097e-01 -2.689714588858215238e-01 9.495446265100089249e+02
3.597857983158865292e-01 -1.635823692215502001e-01 9.185831414793449445e-01 2.908474035875345635e+03 3.351908475921779873e-01 -8.961262833989953602e-01 -2.908690081323991872e-01 -3.573005119996346934e+02 8.707475380502850415e-01 4.125512000726177519e-01 -2.675821972740497490e-01 9.491511887055085026e+02
3.608016612516256605e-01 -1.589025108610282178e-01 9.190060681410789911e-01 2.909710385591544309e+03 3.397821957804996185e-01 -8.952606232900862659e-01 -2.881952043612346359e-01 -3.576730277157237765e+02 8.685448869624673440e-01 4.162432082668697242e-01 -2.690192760808358119e-01 9.487911176473397745e+02
3.630318950757278618e-01 -1.566214169242398646e-01 9.185192294766433285e-01 2.910928090189846444e+03 3.477806481055919496e-01 -8.917570051968493061e-01 -2.895134962062838047e-01 -3.580096545594121835e+02 8.644399712883342746e-01 4.245458461026079267e-01 -2.692663376585412993e-01 9.484121820947101469e+02
3.742690316813305218e-01 -1.543630314271414172e-01 9.143821665217114480e-01 2.912162335920896112e+03 3.443695375171745288e-01 -8.923984617033323685e-01 -2.916069395259941466e-01 -3.582430314309069104e+02 8.610065699833674424e-01 4.240248106869888289e-01 -2.808391823933030773e-01 9.483405930285202885e+02
3.647453373526073350e-01 -1.591201751243507267e-01 9.174102728593809264e-01 2.913328122160633029e+03 3.415366457928788457e-01 -8.937479189794803602e-01 -2.908047057741336427e-01 -3.586247653701688591e+02 8.662064179282432663e-01 4.193988879196398623e-01 -2.716450153264167722e-01 9.478119343677487905e+02
3.693148761423179494e-01 -1.627816885265988833e-01 9.149364153537707933e-01 2.914515258441253991e+03 3.399743223176177609e-01 -8.926231878647733486e-01 -2.960427412567137040e-01 -3.588634373325190836e+02 8.648837970644718265e-01 4.203878760936695103e-01 -2.743174278254929543e-01 9.476042440910058531e+02
3.675798221396313070e-01 -1.660176481757499878e-01 9.150536677430359811e-01 2.915559921642778136e+03 3.382036033210705228e-01 -8.927045478722441807e-01 -2.978202694727793420e-01 -3.591552930079497514e+02 8.663159914583352661e-01 4.189471693452433421e-01 -2.719924121021921049e-01 9.472841619102719051e+02
3.633606422114656898e-01 -1.766512642338949057e-01 9.147477108668977674e-01 2.916728807497345315e+03 3.318694717389445992e-01 -8.929098292962024397e-01 -3.042608921204333350e-01 -3.594428441041234237e+02 8.705352936092725091e-01 4.141332727405258041e-01 -2.658231272666798928e-01 9.469074260203525455e+02
3.695792108717774749e-01 -1.793142734713786546e-01 9.117332933598607525e-01 2.918023219165716455e+03 3.355877692487603814e-01 -8.892186342870751492e-01 -3.109197156296957809e-01 -3.597428293042743235e+02 8.664825768715906928e-01 4.208760052153671660e-01 -2.684610441235759648e-01 9.465778905969958714e+02
3.692726362794442885e-01 -1.739858683928824090e-01 9.128891705430596248e-01 2.919060133977792702e+03 3.378866246465104806e-01 -8.899534780290182523e-01 -3.062930554697971264e-01 -3.601152342798714585e+02 8.657195556184559271e-01 4.215586845785705972e-01 -2.698479691903736821e-01 9.462966848652596354e+02
3.728363453888122181e-01 -1.777717797314344317e-01 9.107086547783677100e-01 2.920309251885725189e+03 3.363315521497433624e-01 -8.888414117306713269e-01 -3.111945240860673478e-01 -3.604525115845915479e+02 8.647971707780146566e-01 4.223246844830787494e-01 -2.716021249744009491e-01 9.459614075938633277e+02
3.744519240117767933e-01 -1.758428112162334078e-01 9.104202668808738519e-01 2.921428668598216518e+03 3.381337273468810745e-01 -8.883471393640243186e-01 -3.106524463355191390e-01 -3.608203826167147099e+02 8.633952391775061574e-01 4.241682045218783115e-01 -2.731849103415184277e-01 9.456401636900493486e+02
3.773419258309669844e-01 -1.754349569428587385e-01 9.093050351189225777e-01 2.922557923303585540e+03 3.406124433462621170e-01 -8.867737613003709995e-01 -3.124347287144395580e-01 -3.611677370139423715e+02 8.611598193412561830e-01 4.276153319885035997e-01 -2.748615895327992109e-01 9.453031845262579509e+02
3.800245081423105908e-01 -1.735624398992442474e-01 9.085468907367449942e-01 2.923812249414234884e+03 3.438914982993530045e-01 -8.853192507857294835e-01 -3.129671893116010573e-01 -3.616012721971977726e+02 8.586734015961015043e-01 4.313767537135065333e-01 -2.767563653233237608e-01 9.449292806652587160e+02
3.828735202275442284e-01 -1.668087806370170123e-01 9.086158144182561180e-01 2.925135650836401055e+03 3.481685284133020364e-01 -8.849779025272027644e-01 -3.091808335926594653e-01 -3.620922890910796355e+02 8.556789954948545995e-01 4.347285851435723769e-01 -2.807570371833715273e-01 9.445420267998899817e+02
3.843400062684649288e-01 -1.629185764290595750e-01 9.087025349562289911e-01 2.926299389569605410e+03 3.499890892685545984e-01 -8.851162906970386768e-01 -3.067193983687135361e-01 -3.624787441355040301e+02 8.542777048328743517e-01 4.359205081170543505e-01 -2.831658765254850274e-01 9.441914811583316123e+02
3.851774218970865915e-01 -1.650133540889378025e-01 9.079696837631882067e-01 2.927584985080325623e+03 3.484197596096398897e-01 -8.850621468188345498e-01 -3.086562284840190795e-01 -3.628625628756415153e+02 8.545419970804677412e-01 4.352419892895690312e-01 -2.834120427663320840e-01 9.437588895852105679e+02
3.845632849225171235e-01 -1.663587805402931552e-01 9.079844910717040918e-01 2.928879892012918845e+03 3.474044632790135867e-01 -8.852269949837830998e-01 -3.093271831666007388e-01 -3.632595302351380155e+02 8.552316755028561701e-01 4.343937424608162456e-01 -2.826320182277013981e-01 9.432878606347338746e+02
3.848846772903278257e-01 -1.648663107933031335e-01 9.081205232525679794e-01 2.930137836139334468e+03 3.454281878995222876e-01 -8.866791857316763670e-01 -3.073749966972684211e-01 -3.636710452287589987e+02 8.558873478394053436e-01 4.319943531524499392e-01 -2.843197612773776806e-01 9.428503634048781805e+02
3.871291003446543644e-01 -1.641636586134431197e-01 9.072934215880651410e-01 2.931369447381835471e+03 3.429418722017202326e-01 -8.877865134249816048e-01 -3.069625040155171680e-01 -3.640761265276742051e+02 8.558749511214329697e-01 4.299830226547913803e-01 -2.873894018079532486e-01 9.424612058012355646e+02
3.870935298353508358e-01 -1.701487847793570762e-01 9.062052693500006750e-01 2.932551287736782342e+03 3.301287131544586306e-01 -8.920944288433138025e-01 -3.085167139357059551e-01 -3.644664776194912861e+02 8.609144161358821545e-01 4.185892032348872971e-01 -2.891529820434063369e-01 9.420839188341427644e+02
3.851505375592364500e-01 -1.729013398764385201e-01 9.065121014563207735e-01 2.933798524080624247e+03 3.244823112343943050e-01 -8.941984823413197114e-01 -3.084157970572349305e-01 -3.648841873587224995e+02 8.639272498965493430e-01 4.129336518708551784e-01 -2.882975997797832535e-01 9.416529275907885221e+02
3.806665708605393439e-01 -1.688360204647794960e-01 9.091684992469140081e-01 2.934962738668208658e+03 3.255734335012646086e-01 -8.957658805857005024e-01 -3.026638838327182501e-01 -3.653024736319752037e+02 8.655026870134329142e-01 4.112151327129492939e-01 -2.860196031750230627e-01 9.411926375116809140e+02
3.810546304500384007e-01 -1.608879895477086652e-01 9.104462770706855945e-01 2.936292474492469864e+03 3.306258914402387949e-01 -8.959110681721254021e-01 -2.966982942923864774e-01 -3.657529464537905142e+02 8.634140886746801691e-01 4.140753708516905496e-01 -2.881973260321905039e-01 9.407343530371756515e+02
3.807964135422344798e-01 -1.549955160686683209e-01 9.115758231940827017e-01 2.937532771886575119e+03 3.394260547873927392e-01 -8.935959154111325908e-01 -2.937282643737051391e-01 -3.661130447688148024e+02 8.601069961143406051e-01 4.212632549358359957e-01 -2.876686032156261508e-01 9.403128346567530116e+02
3.805037050782765773e-01 -1.564449671819454490e-01 9.114504389516382421e-01 2.938768745171079900e+03 3.381642872936855837e-01 -8.937914197084020351e-01 -2.945875300395043861e-01 -3.664487509610193570e+02 8.607333182936823812e-01 4.203116347414938558e-01 -2.871868459384543937e-01 9.399308301996557020e+02
3.799376029700012869e-01 -1.597002549987719955e-01 9.111219711996448867e-01 2.939938053786076125e+03 3.366359720372784081e-01 -8.935696609008400015e-01 -2.970008138845035561e-01 -3.668005276450826386e+02 8.615820565563809819e-01 4.195582077267380749e-01 -2.857398644732700443e-01 9.395775488722548516e+02
3.801611447716417014e-01 -1.670226007989180916e-01 9.097147656426541884e-01 2.941173007041861183e+03 3.288866513609045028e-01 -8.948683206660231759e-01 -3.017354126133791059e-01 -3.671361683209043463e+02 8.644715579835595687e-01 4.139011228430352629e-01 -2.852626613259271471e-01 9.392063572905386764e+02
3.810745391339402932e-01 -1.666996279806142456e-01 9.093917910642083102e-01 2.942345787808512796e+03 3.262701828349869881e-01 -8.960794553423268027e-01 -3.009806929126963015e-01 -3.675201149531623628e+02 8.650606703675047804e-01 4.114035047790820521e-01 -2.870839473722105462e-01 9.388645859157156792e+02
3.739876825012785622e-01 -1.559949688494588205e-01 9.142203142738452026e-01 2.943491443771206832e+03 3.401583267001661581e-01 -8.939839373500967357e-01 -2.916933878862276175e-01 -3.679872924825605764e+02 8.628009771168921871e-01 4.200693864752148010e-01 -2.812759933454546668e-01 9.384024978190983575e+02
3.665696258638460603e-01 -1.902478545340054450e-01 9.107318283881575827e-01 2.944711787951095630e+03 3.079967366218719915e-01 -8.988646726852165258e-01 -3.117375665985091526e-01 -3.681818204730886350e+02 8.779320700511604736e-01 3.947759542369511099e-01 -2.709007684226618640e-01 9.379159304410617324e+02
3.480944731178199913e-01 -1.957073711509720593e-01 9.168036118286139180e-01 2.944448868197991942e+03 3.122581294110523542e-01 -8.979140673893643010e-01 -3.102340861365542879e-01 -3.681540651829595276e+02 8.839259575335118857e-01 3.942701516237983039e-01 -2.514477065654220356e-01 9.377988340607588498e+02
3.323146652398203393e-01 -1.947261411006356580e-01 9.228481420247808265e-01 2.945696579866323191e+03 3.274072971981863978e-01 -8.937930881257215576e-01 -3.064936824145798600e-01 -3.686016279259237649e+02 8.845176227797402202e-01 4.039995613744292724e-01 -2.332657913225717750e-01 9.372318825070267394e+02
3.220444687789180138e-01 -1.985470807354534628e-01 9.256707929173969562e-01 2.945631895683508446e+03 3.334542248526182195e-01 -8.913156808498766681e-01 -3.071882761419205687e-01 -3.685866924769683806e+02 8.860562284961616131e-01 4.075971219262222722e-01 -2.208369220502262864e-01 9.371523120522749650e+02
3.090488081312083857e-01 -1.974361183773266359e-01 9.303267239807536670e-01 2.946858987905274716e+03 3.336376620757884326e-01 -8.935374134343071484e-01 -3.004609812233773325e-01 -3.690661778042319270e+02 8.906035844511747124e-01 4.032491412925909846e-01 -2.102745476977840866e-01 9.367489309010167062e+02
2.984655386189840609e-01 -1.951179464399492303e-01 9.342629764867727005e-01 2.946729737718428169e+03 3.465668023351091698e-01 -8.899084560186082404e-01 -2.965710562846250453e-01 -3.690700168774691861e+02 8.892748583964893427e-01 4.123007723539007241e-01 -1.979856038712943800e-01 9.366277606673453420e+02
3.081706541710305669e-01 -1.919701202304472387e-01 9.317608710642955039e-01 2.948024072106684343e+03 3.503399202392629141e-01 -8.876951966527539817e-01 -2.987627455462947279e-01 -3.694052940595206564e+02 8.844731698556749233e-01 4.185029399876730727e-01 -2.063068128471025886e-01 9.364198056521084936e+02
3.050553935847000186e-01 -1.902958629782179889e-01 9.331284431300153059e-01 2.949253953868693770e+03 3.526441175867527367e-01 -8.876088657148142325e-01 -2.962982076150755817e-01 -3.697767698498300888e+02 8.846374020898867263e-01 4.194496227651498543e-01 -2.036631551995367051e-01 9.361384884369105066e+02
3.121466356452539670e-01 -1.791309677048963378e-01 9.329933409539656886e-01 2.950503353437175065e+03 3.632071211368785857e-01 -8.849588475967119505e-01 -2.914248191485159789e-01 -3.701994873346251325e+02 8.778639216933394884e-01 4.298371022485114046e-01 -2.111752838752543326e-01 9.359106986714482446e+02
3.162433866537519012e-01 -1.756250334976769412e-01 9.322799836994739575e-01 2.951853657185141856e+03 3.665532244046622035e-01 -8.837747895262320075e-01 -2.908278787812380584e-01 -3.706393928793633563e+02 8.750022023265490168e-01 4.337026273920812636e-01 -2.151120101642303162e-01 9.356214132262955445e+02
3.201014431139396765e-01 -1.778695681135030737e-01 9.305361265719211961e-01 2.953144432840537320e+03 3.726648753697070493e-01 -8.793938247078006976e-01 -2.962893716140565514e-01 -3.709802098119688480e+02 8.710085859404911313e-01 4.416207850689249370e-01 -2.152094919213696500e-01 9.353756641441666488e+02
3.274059847515493615e-01 -1.707008603567620186e-01 9.293366114720302829e-01 2.954418761312290371e+03 3.857729266911135158e-01 -8.736896372765127206e-01 -2.963876966876219377e-01 -3.713829274715440647e+02 8.625454018085314534e-01 4.555520101910297548e-01 -2.201994455712196208e-01 9.352025349887196626e+02
3.311221672332980148e-01 -1.547074827317254375e-01 9.308188358394573481e-01 2.955674270593125584e+03 3.955838588239204423e-01 -8.728324663450325316e-01 -2.857917009502026207e-01 -3.718736579933694202e+02 8.566630148458034277e-01 4.628488743432916386e-01 -2.278143948797989593e-01 9.350274271734459717e+02
