1.000000000000000000e+00 0.000000000000000000e+00 0.000000000000000000e+00 0.000000000000000000e+00 0.000000000000000000e+00 1.000000000000000000e+00 0.000000000000000000e+00 0.000000000000000000e+00 0.000000000000000000e+00 0.000000000000000000e+00 1.000000000000000000e+00 0.000000000000000000e+00
9.997919729612914086e-01 1.170895905612233130e-03 2.036270622844689807e-02 -1.841161976984342918e-01 -1.227436983215991415e-03 9.999954256769136851e-01 2.764421042448308302e-03 -5.070654296027345825e-02 -2.035937623356971066e-02 -2.788839906828264811e-03 9.997888367907263873e-01 3.656209029840835623e-01
9.995862920886505743e-01 3.881230888158129343e-03 2.849878445223499868e-02 -1.757581071991374810e-01 -4.100392096803410352e-03 9.999624400721179862e-01 7.635786119656076155e-03 -1.396991634299278584e-01 -2.846807779100331975e-02 -7.749483325065451705e-03 9.995646622680699478e-01 7.532801106612183606e-01
9.985821267826848757e-01 4.494856461688115021e-03 5.304274064901817048e-02 -1.878027127712057209e-01 -4.877640198127328706e-03 9.999629747564952043e-01 7.089269513462568943e-03 -1.691880684377820021e-01 -5.300891147974840650e-02 -7.337941232097591748e-03 9.985670783288452812e-01 1.309834572819603915e+00
9.968411077150151067e-01 1.091474551927734161e-02 7.866812759784441722e-02 -1.127403139379694469e-01 -1.142573770886952216e-02 9.999164315540425285e-01 6.048340767010634833e-03 -1.866373041533979094e-01 -7.859553732438909202e-02 -6.928076102005614918e-03 9.968825122722414500e-01 2.006996866993963291e+00
9.937160925272358059e-01 9.173212051245252865e-03 1.115534832852127928e-01 -4.603823360081251148e-01 -1.072663144083007766e-02 9.998535727496117298e-01 1.333313308138773384e-02 -2.691682533556841173e-01 -1.114148411583213011e-01 -1.444594200792352102e-02 9.936689830769449561e-01 2.647351732961822801e+00
9.919934130781725701e-01 1.130788880707775390e-02 1.257823519427287151e-01 -5.120654056746803962e-01 -1.341457160010697813e-02 9.997833700385696520e-01 1.591421575517567785e-02 -3.043777472528592098e-01 -1.255751475344676904e-01 -1.747411356960474130e-02 9.919302080674089472e-01 2.982370520070546593e+00
9.877422068226185958e-01 1.058436111897887583e-02 1.557347236838623472e-01 -6.915899510865544109e-01 -1.346101356317451134e-02 9.997574954903435396e-01 1.742846306256817454e-02 -3.501055728367375441e-01 -1.555124881642565571e-01 -1.931117579471326381e-02 9.876451511116670634e-01 3.791655062677294907e+00
9.827121970755905433e-01 8.788941486589690183e-03 1.849310472214239776e-01 -3.521702827906585398e-01 -1.170726023014100753e-02 9.998234896500658442e-01 1.469454326828880698e-02 -3.472995737523598136e-01 -1.847692554966087475e-01 -1.660554279465611613e-02 9.826416326269324930e-01 4.780030931838259001e+00
9.787829366848914692e-01 9.796082988809462488e-03 2.046655799409816123e-01 -2.480386802647016609e-01 -1.341508474995008714e-02 9.997771074822803250e-01 1.630248004176697296e-02 -3.768408722730163252e-01 -2.044602610671660825e-01 -1.870219539083344332e-02 9.786961885753463486e-01 5.304846720123864934e+00
9.717807355402829916e-01 4.154349425073916059e-03 2.358494083385468398e-01 4.564006863937172254e-01 -5.690620369758450821e-03 9.999667931001042787e-01 5.833484112968447856e-03 -2.144609744799929052e-01 -2.358173421794834135e-01 -7.010996929349810024e-03 9.717721065401403457e-01 6.512304394690853648e+00
9.675150328552267753e-01 4.145096376114279502e-03 2.527795074272922160e-01 1.043740348604618839e+00 -6.239376730995927454e-03 9.999525291497379786e-01 7.483957846404432068e-03 -1.815860194066833133e-01 -2.527364860425985182e-01 -8.818028298365540932e-03 9.674949669118536599e-01 6.709900462743780380e+00
9.519268364846632524e-01 -1.208841907138107031e-03 3.063230919822203524e-01 9.638248449381895400e-01 -8.007242547475548105e-04 9.999789775633912692e-01 6.434537430069026120e-03 -2.030993459633990972e-01 -3.063244306629367419e-01 -6.370489189587154148e-03 9.519058567140518123e-01 7.685310467089503383e+00
9.396317788992271103e-01 2.766122145456712672e-02 3.410674081619619047e-01 -4.769907449868967531e-01 -3.937404643687435202e-02 9.988469853071659799e-01 2.746605923625549187e-02 -2.237919970413737858e-01 -3.399144076820870830e-01 -3.923718606658770092e-02 9.396375038703543847e-01 7.863065803258999509e+00
9.258471393443357123e-01 2.935253682499022743e-02 3.767565568770501749e-01 -1.906193977728257161e-01 -4.097733724904271957e-02 9.988981739872493382e-01 2.287566036020051777e-02 -1.828823829646462062e-01 -3.756699780390905796e-01 -3.661784519704328056e-02 9.260298056829666669e-01 8.665536181258978843e+00
8.980103109421803120e-01 2.934986473043655480e-02 4.389943813784361604e-01 -2.184074308768804984e-01 -4.030508606439786590e-02 9.990647906938816547e-01 1.565388236600191718e-02 -1.494018495272342317e-01 -4.381243904176895798e-01 -3.175105409419061442e-02 8.983534321663355637e-01 1.039163624971678601e+01
8.702315618050983081e-01 2.779608781687135585e-02 4.918581160663484941e-01 -5.862152951650118071e-01 -3.730396003870017213e-02 9.992585180978199588e-01 9.530402634561615377e-03 -9.902596016943365775e-02 -4.912285042662842827e-01 -2.664191267575535121e-02 8.706232050004676370e-01 1.166869294372253485e+01
8.461671717425215400e-01 2.467395520139258405e-02 5.323460466651203093e-01 -7.486475037561206580e-01 -3.391968772083518019e-02 9.993957097438018744e-01 7.594085237922740955e-03 -4.953548676621125080e-02 -5.318369790172382539e-01 -2.448287729004671939e-02 8.464927740207933704e-01 1.236651352095771728e+01
8.134129862765102637e-01 1.984503338399706482e-02 5.813479925197284626e-01 -1.801232719359726620e+00 -2.818005244959682909e-02 9.995887762457819070e-01 5.306886789471899554e-03 -2.410438491631195640e-02 -5.810036130702342927e-01 -2.069910755192945831e-02 8.136377256161902993e-01 1.324981002324859780e+01
7.888517300291776335e-01 1.639687211133234943e-02 6.143647862751728805e-01 -1.244743924311618066e+00 -2.164317531984596976e-02 9.997651459382235206e-01 1.107216868976060873e-03 -2.574987667818115500e-02 -6.142023453163026891e-01 -1.417023472230250457e-02 7.890213453740452243e-01 1.392318945745472547e+01
7.664229774956402563e-01 2.018553218770119048e-02 6.420189746861201252e-01 -6.299433115163647345e-01 -2.711788707550887023e-02 9.996317973247743627e-01 9.433863467187676797e-04 -6.345936103726060318e-02 -6.417635388266264007e-01 -1.813323102865310038e-02 7.666881674873997632e-01 1.452912439822071278e+01
7.393978089645757423e-01 1.962557258196271151e-02 6.729827018573475428e-01 -6.436304847082792158e-01 -2.901182710999854197e-02 9.995753533012696757e-01 2.725245012650719285e-03 -1.223741082326007673e-01 -6.726434374809004968e-01 -2.153949798555061107e-02 7.396531998446359557e-01 1.519625079514912791e+01
7.196009749492022767e-01 2.043887797910324058e-02 6.940869463684751217e-01 -3.685518624211577277e-01 -2.794894315262213755e-02 9.996092464589407811e-01 -4.593151843567947661e-04 -1.465903398000039937e-01 -6.938251173233841440e-01 -1.906847295255743868e-02 7.198910333588348642e-01 1.565081957459947759e+01
6.833650174468169913e-01 1.866007472095305639e-02 7.298383756293723712e-01 -7.051230096958567284e-01 -2.844395223274730905e-02 9.995948101346678882e-01 1.075701267860912792e-03 -1.702339329396145295e-01 -7.295225798501993042e-01 -2.149458450970707576e-02 6.836188911414496916e-01 1.625796392654921263e+01
6.506672087542801908e-01 1.371296083835391900e-02 7.592391837602697757e-01 -3.762746083798578778e-01 -2.235217031999018125e-02 9.997495551327301166e-01 1.098860269407298234e-03 -1.805858241642714634e-01 -7.590339675758258631e-01 -1.768563589332606753e-02 6.508107669277989338e-01 1.668357559608418228e+01
6.223463122748411624e-01 7.392996343894386695e-03 7.827071043519184812e-01 3.597280061532431295e-01 -1.587322564242528780e-02 9.998689652854644283e-01 3.176942976389389786e-03 -2.294719282067862187e-01 -7.825810554221265258e-01 -1.440124522497068446e-02 6.223821140026124521e-01 1.710876541663624550e+01
6.064732799577536859e-01 4.930423271094500764e-03 7.950885809918616376e-01 1.081510279936751528e+00 -2.323876802794689472e-02 9.996634881913281090e-01 1.152692663654049897e-02 -3.360273617545114222e-01 -7.947641916680857621e-01 -2.546765210043444583e-02 6.063837715000833795e-01 1.727007133746998235e+01
5.871649588234562067e-01 3.151274945685162039e-03 8.094611668239968250e-01 1.732739258700316753e+00 -2.008935714759512228e-02 9.997411407025462715e-01 1.068032378552697705e-02 -3.261276376180975434e-01 -8.092179736382794086e-01 -2.253266635318647640e-02 5.870762728025830102e-01 1.753368590305944608e+01
5.705380808960632821e-01 -3.669154876511761167e-03 8.212629515264464608e-01 1.977576136855727862e+00 -1.530979894039753014e-02 9.997687354247072333e-01 1.510250719854508775e-02 -3.662194879903332145e-01 -8.211284359366931573e-01 -2.118992613884423948e-02 5.703499616256589855e-01 1.773130980812934610e+01
5.514068370761120441e-01 -3.486597747651720182e-03 8.342291913268592429e-01 3.249548073936355586e+00 -1.881974370935482130e-02 9.996847876833676594e-01 1.661753655540124802e-02 -3.888167146944488950e-01 -8.340241706763849017e-01 -2.486300284764429019e-02 5.511674099735648369e-01 1.814392272565837416e+01
5.308021374473503862e-01 -4.835918548734515973e-03 8.474819790255809782e-01 4.216887678064316525e+00 -1.514831148124740762e-02 9.997698283771756511e-01 1.519272608637973337e-02 -4.124930906482091042e-01 -8.473603835090414149e-01 -2.090225247332596833e-02 5.306067058575043571e-01 1.860062264971352519e+01
5.102057201788937624e-01 -3.723495251875607887e-03 8.600443352989696200e-01 4.958100670309569580e+00 -1.536856009353345168e-02 9.997914893304483686e-01 1.344563955531614084e-02 -4.173334791926069376e-01 -8.599150716538150885e-01 -2.007768526273114723e-02 5.100421120820367582e-01 1.887085555446194363e+01
4.895571833297997499e-01 -6.681961243280937213e-03 8.719455921352763372e-01 5.742249703421975049e+00 -1.072904144530291946e-02 9.998487793740796770e-01 1.368598019228148624e-02 -4.365406917978634227e-01 -8.719051851662861230e-01 -1.605521031010932742e-02 4.894114611470011811e-01 1.919215811582376574e+01
4.761324345579617257e-01 -9.389929161500052898e-03 8.793234524293388477e-01 6.439137983314365599e+00 -9.192753737177419490e-03 9.998352017141727277e-01 1.565447833378520379e-02 -4.458669191466486659e-01 -8.793255358743055083e-01 -1.553700883430756720e-02 4.759676494425317816e-01 1.916195116276874799e+01
4.648999582311830747e-01 -1.235184126307860113e-02 8.852770531613576299e-01 7.042040319395744596e+00 -7.880648739891669280e-03 9.998053355821486798e-01 1.808829226050357591e-02 -4.498942656860711597e-01 -8.853281449338887832e-01 -1.538580380983261761e-02 4.647121182291729657e-01 1.905044315812122946e+01
4.515094083581974727e-01 -1.545741410802652961e-02 8.921324579417143630e-01 7.638408454257262115e+00 -4.788330428352195224e-03 9.997935590192896793e-01 1.974617014122650310e-02 -4.494645466999482308e-01 -8.922535099710940942e-01 -1.318740659228844446e-02 4.513421831068225032e-01 1.900839613704657083e+01
4.362698506351370131e-01 -1.842382685739209908e-02 8.996272450469277038e-01 8.438327632625012953e+00 -1.705191370462503554e-03 9.997716399768640239e-01 2.130164830141516308e-02 -3.980042378963160044e-01 -8.998142640285183846e-01 -1.082730353762760382e-02 4.361388078913874256e-01 1.901039731595941618e+01
4.178660627078201184e-01 -2.537085152945663113e-02 9.081543225298962518e-01 9.139071752410316662e+00 5.389358130379496604e-03 9.996616330988242760e-01 2.544747785398509057e-02 -4.304453547735691554e-01 -9.084926573484267687e-01 -5.739268494923434327e-03 4.178614032680430523e-01 1.920537712928176433e+01
4.003198994722141357e-01 -2.952661896359311949e-02 9.158996434430660694e-01 9.819216262725687372e+00 1.365548821388520503e-02 9.995620002980867280e-01 2.625519380470951042e-02 -4.255610027066789036e-01 -9.162737067755439835e-01 1.996580241613637487e-03 4.005477598728316435e-01 1.938716238913545098e+01
3.823183326767957690e-01 -3.362155549015690553e-02 9.234188017934537029e-01 1.039494039656259794e+01 2.260114119965814239e-02 9.993790957131173380e-01 2.702982552845856201e-02 -4.194765847549255522e-01 -9.237542318797286045e-01 1.053632089716802916e-02 3.828408351080712091e-01 1.962593152254120454e+01
3.687749473348719276e-01 -3.683767185306957570e-02 9.287884711550896677e-01 1.087301256138115590e+01 3.549012623073168060e-02 9.990438061536581760e-01 2.553280881791251261e-02 -3.912254500826468084e-01 -9.288409385671418939e-01 2.354695985580541190e-02 3.697297006236601735e-01 1.979983522985918043e+01
3.537965032965957879e-01 -4.183808501734107010e-02 9.343862204127284521e-01 1.159860027767968127e+01 4.089734077733308409e-02 9.987355909643809149e-01 2.923400175079289912e-02 -4.122572552157666714e-01 -9.344278686835302272e-01 2.787102407706658000e-02 3.550602262214853089e-01 2.009571114659323854e+01
3.403517980724011793e-01 -4.594134221341224233e-02 9.391751948515866255e-01 1.230014438463985904e+01 4.552328590721222562e-02 9.984395636678382591e-01 3.234297671798151003e-02 -4.136529631469072488e-01 -9.391955515168785018e-01 3.174635063121172829e-02 3.419121016175181715e-01 2.035506180299696410e+01
3.292698237057388733e-01 -4.633951951319280338e-02 9.430981031303591333e-01 1.365105168722295836e+01 4.433701663695625850e-02 9.984521184401240479e-01 3.357969830353749879e-02 -3.800145710563091472e-01 -9.431943660521541206e-01 3.075737494827493479e-02 3.308147090650098154e-01 2.070240809452977970e+01
3.261077835285369764e-01 -5.013464845870325981e-02 9.440022407526537096e-01 1.417719525272817194e+01 5.007313916536424575e-02 9.981069396654678183e-01 3.571019078292678867e-02 -3.790554922881245736e-01 -9.440055054162707071e-01 3.562378440802184409e-02 3.280008410480403924e-01 2.069697265976921230e+01
3.211947203332664591e-01 -4.736912762691128376e-02 9.458277419159918376e-01 1.539828702900972424e+01 4.889378464559098608e-02 9.982456994556285768e-01 3.339043787326191615e-02 -3.388516340085387379e-01 -9.457501517066035923e-01 3.552026557055845690e-02 3.229473041855800419e-01 2.091673281396134954e+01
3.260717245684780496e-01 -4.543142993364180510e-02 9.442527286755000304e-01 1.660132602296001636e+01 4.851544602015036428e-02 9.983325185090262677e-01 3.127992942583288083e-02 -2.849751558815423746e-01 -9.440992966496707384e-01 3.561134175517430278e-02 3.277321320895978940e-01 2.083293134541424152e+01
3.239258628552731945e-01 -4.072988052156130412e-02 9.452053280669598934e-01 1.758807032387472802e+01 5.421508528526929049e-02 9.982302606601263228e-01 2.443504102555673144e-02 -2.229889653927281945e-01 -9.445277973151320339e-01 4.332924572513375400e-02 3.255607724587149532e-01 2.108044841237093792e+01
3.213162742267396954e-01 -3.890030341601946606e-02 9.461726154942302625e-01 1.874547927862486674e+01 5.607282782913331626e-02 9.981843459200082647e-01 2.199658017699386570e-02 -1.820762678949687796e-01 -9.453103669675307907e-01 4.598671497704735073e-02 3.229141250384239825e-01 2.135993330884507202e+01
3.157846837870195156e-01 -3.929457634480177514e-02 9.480168615353939954e-01 1.995494271451224932e+01 5.506590668879309675e-02 9.982170270080753527e-01 2.303286590274292861e-02 -1.683626823079071022e-01 -9.472316397830418122e-01 4.492998176090404888e-02 3.173854396989464477e-01 2.173501652587943056e+01
3.484120085533566336e-01 -3.452931432625075403e-02 9.367052891640886836e-01 2.138309917619723066e+01 4.821774553454644813e-02 9.986584305899445235e-01 1.887824216363197249e-02 -3.244570854647843561e-02 -9.361004867595027479e-01 3.858841100359019366e-02 3.496095153522551513e-01 2.089331721217914506e+01
3.457690261410421573e-01 -3.187542224042958644e-02 9.377780856996358327e-01 2.256199960202633648e+01 4.775881666091388172e-02 9.987252727092920113e-01 1.633784205127130490e-02 -1.082756879109549389e-02 -9.371034499950475771e-01 3.913805192823754942e-02 3.468505973739128834e-01 2.130745229585986777e+01
3.357759979496592329e-01 -3.545614549486040407e-02 9.412743175863030887e-01 2.390569697495043755e+01 4.076453496408746768e-02 9.989020613973155216e-01 2.308515595243224375e-02 -6.217990937769334037e-02 -9.410593668255300415e-01 3.061916855229308496e-02 3.368526898023766480e-01 2.187230994545830498e+01
3.421068464344144688e-01 -3.611965604038489680e-02 9.389666000823601033e-01 2.497261298771551807e+01 4.315279479690704162e-02 9.988105830469599100e-01 2.269923995643913575e-02 -3.205505588759657853e-02 -9.386696660294885364e-01 3.275346761654823052e-02 3.432586028567641279e-01 2.205024544873445080e+01
3.515645618286763474e-01 -3.784014255935713722e-02 9.353985687808701321e-01 2.606253502627057728e+01 4.360716274683466148e-02 9.987601072638430111e-01 2.401381884414896875e-02 8.414684005599123995e-03 -9.351474612184847990e-01 3.234766992220729914e-02 3.527787607371282164e-01 2.213461714099082300e+01
3.570998414538928412e-01 -3.646907597419030145e-02 9.333540109364694137e-01 2.721553857086657402e+01 4.736154285731981189e-02 9.986591319520109478e-01 2.090029729506789544e-02 9.924523247981191509e-02 -9.328647208956799552e-01 3.674159313961110340e-02 3.583482493912676925e-01 2.236145169986827597e+01
3.655564250626915923e-01 -3.654409214136520451e-02 9.300715184462695628e-01 2.838183355750913250e+01 5.484368859278139496e-02 9.983385798419061041e-01 1.767059197581821034e-02 1.599999491786987527e-01 -9.291720346184115797e-01 4.454895429526111589e-02 3.669532950584825648e-01 2.253286257228840839e+01
3.746297242258287974e-01 -3.591328652238477692e-02 9.264787129651941289e-01 2.954098010876713332e+01 6.116839053389829667e-02 9.980299321164569637e-01 1.395287064026500858e-02 2.300868943199060324e-01 -9.251545804491099201e-01 5.144405165587744022e-02 3.760884361732719783e-01 2.280061770748200090e+01
3.838010755215911507e-01 -3.730115921337560231e-02 9.226621038873393799e-01 3.070368431484203242e+01 6.123892403272061802e-02 9.980123073208009288e-01 1.487375606619060694e-02 2.290831228391978502e-01 -9.213829435211944308e-01 5.079427091257728705e-02 3.853224797889129860e-01 2.302731096754283868e+01
3.969859254049680763e-01 -3.515919825986483366e-02 9.171510267170213115e-01 3.191299371928914397e+01 5.950896394381472582e-02 9.981494289832870681e-01 1.250602377508667866e-02 2.742776792189533519e-01 -9.158934753783823934e-01 4.961399195844668625e-02 3.983435622189143155e-01 2.325424768848558088e+01
4.072358557371457133e-01 -3.332111578490587478e-02 9.127149944231687240e-01 3.331368459510030533e+01 5.803066142749705586e-02 9.982590336782792839e-01 1.055196730408670958e-02 3.063058186169265174e-01 -9.114775916808471878e-01 4.866831538638080601e-02 4.084605182158147496e-01 2.359923368085491902e+01
4.204827577899134528e-01 -3.261463545076934145e-02 9.067141423600960648e-01 3.464508781298605555e+01 5.907968563577602888e-02 9.982170112128913031e-01 8.508188430691815407e-03 3.454396916892306657e-01 -9.053749726751683102e-01 4.999083995701339433e-02 4.216599041571627571e-01 2.394450609803553931e+01
4.488724620345469485e-01 -3.428923275327114273e-02 8.929377141459745593e-01 3.613804503690265335e+01 5.372252653398287836e-02 9.984915472355154753e-01 1.133667685095946648e-02 3.457101721281999884e-01 -8.919794857337494109e-01 4.288214799202105798e-02 4.500374633447121187e-01 2.403827473066438358e+01
4.635866058261672862e-01 -3.361546874592971634e-02 8.854137220303096578e-01 3.733826853759984488e+01 6.066811104917568115e-02 9.981391675398387786e-01 6.130458758765053480e-03 3.947107357377512837e-01 -8.839721936804866287e-01 5.087437944446580179e-02 4.647633358128031578e-01 2.437960534926633116e+01
4.704174838657808055e-01 -3.584976595337132504e-02 8.817154785725823674e-01 3.862104615367351101e+01 6.024702771896737336e-02 9.981478115930276784e-01 8.440489504141905977e-03 3.794483786411896875e-01 -8.803849649581774184e-01 4.915018304267113752e-02 4.717060238988439180e-01 2.490164059916039818e+01
4.743761982932959698e-01 -3.625398678763984417e-02 8.795753924109079858e-01 4.005837526591778186e+01 5.706740465253892780e-02 9.983164661003718354e-01 1.037038278361524998e-02 3.683907661368562292e-01 -8.784705651409253635e-01 4.527562208139149225e-02 4.756464908165754513e-01 2.559608544167758382e+01
4.793551911282426525e-01 -3.737819806270303857e-02 8.768246523952165639e-01 4.133130759419954359e+01 5.512992687713012124e-02 9.984019194020227195e-01 1.242169460537676656e-02 3.596075532976873435e-01 -8.758877164916298863e-01 4.238487517891641881e-02 4.806498002237615252e-01 2.621759738425634723e+01
4.821022205007070016e-01 -4.080076605111267879e-02 8.751644111125238545e-01 4.258559302502386146e+01 5.947155136944118348e-02 9.981349856471841697e-01 1.377261793549138837e-02 3.788180618433618085e-01 -8.740941502870230861e-01 4.540757554337708501e-02 4.836295777940750051e-01 2.688778047397404336e+01
4.951965502173850120e-01 -4.029606609333988287e-02 8.678459562100890867e-01 4.406658333380852355e+01 6.072492413538375239e-02 9.980860410496140700e-01 1.169351318664710489e-02 5.035796281979691980e-01 -8.666561372548795550e-01 4.690929246210807230e-02 4.966957399043739896e-01 2.713038300234045508e+01
4.928326922098337781e-01 -3.804646553732161235e-02 8.692918980120118988e-01 4.533744161227693326e+01 5.895557763823545960e-02 9.982078316911759952e-01 1.026472677324137203e-02 5.291163523616926323e-01 -8.681245171947081785e-01 4.619081305308132823e-02 4.941925044301539449e-01 2.791975840311534895e+01
4.969433857550788480e-01 -2.905439779264526456e-02 8.672964391274685658e-01 4.662680362080207885e+01 6.809231544519959989e-02 9.976633427780365881e-01 -5.593840742511901019e-03 7.152299094821052972e-01 -8.651073389652801371e-01 6.183604487552461781e-02 4.977605806234185470e-01 2.862914975431715803e+01
5.119335664140254316e-01 -2.892350095205263594e-02 8.585379750898002316e-01 4.834528446982984207e+01 6.769428348451189681e-02 9.976832507149354656e-01 -6.753904528871932170e-03 7.372756925609132983e-01 -8.563536112857420557e-01 6.157566350063312099e-02 5.127055003628525620e-01 2.914506872666483517e+01
5.199275149368779436e-01 -2.604587426590469421e-02 8.538132065301450302e-01 4.956812607312498642e+01 7.114825302584200373e-02 9.973823312069226565e-01 -1.290005765890755648e-02 8.129801775912086637e-01 -8.512422130644884399e-01 6.745441297615074883e-02 5.204196353589202184e-01 2.974697930953389502e+01
5.316787769548333431e-01 -2.691273666656024757e-02 8.465183888970931880e-01 5.091647742360660800e+01 7.422310636459089617e-02 9.971300914982480501e-01 -1.491680630277897671e-02 8.149754328757052857e-01 -8.436875064959771242e-01 7.076217374982494979e-02 5.321504544288183647e-01 3.034930571476814265e+01
5.494069300443127357e-01 -2.590322215949542387e-02 8.351533082620468118e-01 5.255857404578923564e+01 7.902536024194448117e-02 9.966498120004310124e-01 -2.107474028610722278e-02 8.674638750924679176e-01 -8.318094839913230398e-01 7.757689940473160017e-02 5.496133250029835438e-01 3.080859572326636808e+01
5.656912224368453312e-01 -2.500562590672803995e-02 8.242379265302725022e-01 5.416539029756120982e+01 8.280304817618033830e-02 9.962106952966005569e-01 -2.660649900657849690e-02 8.993733617565597971e-01 -8.204493257177054577e-01 8.330047568691748006e-02 5.656181880736282919e-01 3.137737699413368020e+01
5.822668435853463054e-01 -2.309190183709522795e-02 8.126697280757455566e-01 5.570577319229259672e+01 8.172628174528046019e-02 9.961956697894278623e-01 -3.024900601463391750e-02 9.124655152946488101e-01 -8.088795570004508884e-01 8.402946841631409036e-02 5.819389235172576225e-01 3.185210130031288500e+01
5.909838080951267392e-01 -2.242338723540359888e-02 8.063717072630186555e-01 5.719975028094712854e+01 8.217035196444165412e-02 9.960874873640584992e-01 -3.252308064722774644e-02 9.031418239451562968e-01 -8.024874901376466418e-01 8.548046105185377885e-02 5.905141140996899018e-01 3.248581286128298728e+01
5.953987904040821677e-01 -1.998488938429592368e-02 8.031817257518086839e-01 5.842507057989325148e+01 8.366423315267378091e-02 9.957978086481753532e-01 -3.724272254355563694e-02 8.904028513407914458e-01 -7.990623107595090646e-01 8.937185512105449980e-02 5.945688312011417898e-01 3.324331593384304995e+01
5.931250184660582514e-01 -1.794688813897816343e-02 8.049103190267630215e-01 5.958523089353604263e+01 8.779493189402706732e-02 9.952313516828865669e-01 -4.250419463025487815e-02 8.670454403333592852e-01 -8.003091667620438887e-01 9.587734786470954174e-02 5.918722596667878033e-01 3.416159179675727131e+01
5.978272438951944823e-01 -1.714652510919591547e-02 8.014415656386659759e-01 6.060204679960462926e+01 8.601202134172702962e-02 9.953715843945210029e-01 -4.286421776539925399e-02 8.720604815285056821e-01 -7.969971886031856911e-01 9.455900621627250091e-02 5.965350582338027063e-01 3.462199239919512905e+01
6.010679644169134583e-01 -1.722854209685140137e-02 7.990121898249898935e-01 6.145680806951413189e+01 8.545253797780369420e-02 9.954217065714430213e-01 -4.281926948859848814e-02 8.371061529612481289e-01 -7.946163639800379874e-01 9.401491064507960793e-02 5.997883215531450984e-01 3.516976401913058226e+01
6.081070672253866549e-01 -1.472819982092133870e-02 7.937183851471342200e-01 6.185693542675544165e+01 8.893343263286522526e-02 9.947979948799692274e-01 -4.967689546375403387e-02 8.905587668002945545e-01 -7.888578068008648136e-01 1.007969717442752378e-01 6.062535205147351336e-01 3.537730834862213669e+01
6.064661876665229379e-01 -1.812638302144663205e-02 7.949026339469463798e-01 6.278160853083197424e+01 9.048534456005623283e-02 9.948186106320842104e-01 -4.635012793819382609e-02 8.104405404355470299e-01 -7.899437737187865460e-01 1.000368241129182545e-01 6.049640222230741049e-01 3.601990536103250662e+01
6.123179296031550090e-01 -1.223969519476665255e-02 7.905168834048040827e-01 6.419087031253340569e+01 9.460351675846366548e-02 9.938304128195131204e-01 -5.789028564376055147e-02 7.992828719816519323e-01 -7.849311611239766506e-01 1.102329370765580963e-01 6.096980989637728054e-01 3.704342516261312568e+01
6.153129614525388869e-01 -1.385864516315222714e-02 7.881610859606980046e-01 6.568592007703217917e+01 9.506452791896877197e-02 9.938527072277577590e-01 -5.674091881165282264e-02 7.041339669483175356e-01 -7.825296767535698805e-01 1.098395843504924169e-01 6.128479180919688130e-01 3.792226259763210550e+01
6.228889567958327822e-01 -5.370281923843036979e-03 7.822918301847813227e-01 6.630072566824902935e+01 8.787650252660983430e-02 9.941279143579898614e-01 -6.314594363785359932e-02 8.097962604748525361e-01 -7.773590340412106503e-01 1.080779809502512151e-01 6.197032210891172399e-01 3.799696435549734730e+01
6.249954989287050955e-01 -3.923667031126888000e-03 7.806184927068312573e-01 6.717298930765856824e+01 8.468296959139778868e-02 9.944267995153246442e-01 -6.280234921468112741e-02 7.487123405492659423e-01 -7.760215338378410044e-01 1.053562776617007757e-01 6.218445414870421573e-01 3.859738663447085827e+01
6.250742579685483191e-01 2.230221644998674375e-03 7.805621039587307131e-01 6.882441257911482069e+01 8.137241070395388742e-02 9.943610860326912437e-01 -6.800412752257643800e-02 6.861063301801423320e-01 -7.763122456855170439e-01 1.060238496532462105e-01 6.213680394930287676e-01 3.973150984742778746e+01
6.193308757316421387e-01 2.905736059070501004e-03 7.851247181584779522e-01 7.053948440431786082e+01 8.283906473418876926e-02 9.941695916516444242e-01 -6.902544740282853808e-02 5.181670086524748919e-01 -7.807476901787390178e-01 1.077885881397051410e-01 6.154792153658864562e-01 4.111011620062139826e+01
6.186031704174683732e-01 5.991134480342616767e-03 7.856807391409648123e-01 7.209413467340412751e+01 8.678601327312235325e-02 9.933310540107649356e-01 -7.590523722387536310e-02 4.162213056398604283e-01 -7.808958352108228418e-01 1.151413194535046980e-01 6.139577926086551285e-01 4.230149190984751328e+01
6.233000824888830227e-01 9.489936388594886335e-03 7.819251551630053143e-01 7.390987768195118690e+01 8.509592658177170255e-02 9.931650459416656584e-01 -7.988663717338308212e-02 2.852961645402326551e-01 -7.773388517554852273e-01 1.163319931361217058e-01 6.182323001303281496e-01 4.345819412791626490e+01
6.188755709999556043e-01 9.116978934271399368e-03 7.854361261837837782e-01 7.531897187584156939e+01 8.437102837111334908e-02 9.933760578779767814e-01 -7.800985326484977112e-02 8.822443628264259319e-02 -7.809446569322789911e-01 1.145464461688569940e-01 6.140069661485978436e-01 4.468616333616748904e+01
6.171636330614694854e-01 7.689474979801537609e-03 7.867972559693510171e-01 7.694539484304907262e+01 8.587731396715472809e-02 9.933203418631928461e-01 -7.707000315666631685e-02 -7.836084303444984522e-02 -7.821343471374658796e-01 1.151328381276038315e-01 6.123808395210680322e-01 4.589233644296788839e+01
6.136061133365035003e-01 9.249414821382277371e-03 7.895580953935750212e-01 7.863751933180590470e+01 8.425983413546044021e-02 9.934549245730880385e-01 -7.712064051171152457e-02 -2.604656288935681130e-01 -7.851036989006803246e-01 1.138497306405866494e-01 6.088106608836042488e-01 4.719740198558891819e+01
6.066539404940710645e-01 1.173216198031175155e-02 7.948794580678766319e-01 8.015074352168929295e+01 7.295656400213251791e-02 9.948498413569231147e-01 -7.036428725638553539e-02 -4.710301688701650780e-01 -7.916112279724271117e-01 1.006784461906534145e-01 6.026736382326811636e-01 4.844941879411762642e+01
6.273127867072018082e-01 2.847427601991431127e-03 7.787621972012341853e-01 8.176887784273738191e+01 5.796273433824636334e-02 9.970489489360845337e-01 -5.033601944407444656e-02 -7.684953058826460293e-01 -7.766073583617868481e-01 7.671561497825524212e-02 6.252965099509432134e-01 4.896129491189935834e+01
6.384138558797788354e-01 8.124183452143548395e-03 7.696504052256106787e-01 8.329742380779580913e+01 5.079358076934480104e-02 9.973198805135015110e-01 -5.265992864744756252e-02 -8.349659301087845042e-01 -7.680154690976835896e-01 7.271212812015787064e-02 6.362901740958267771e-01 4.992637075129035651e+01
6.450728936338729902e-01 3.473275290842047988e-03 7.641131449318050439e-01 8.493882092629181102e+01 6.004530511179292929e-02 9.966670320420022433e-01 -5.522126922308998737e-02 -8.959767755486223173e-01 -7.617581789733852693e-01 8.150315085523653080e-02 6.427143324742458086e-01 5.110300833474591542e+01
6.526994148285191200e-01 4.050717939142000831e-03 7.576061414525915305e-01 8.669238444802130061e+01 5.806770858112774575e-02 9.967767050173839127e-01 -5.535649514569305346e-02 -1.013148457540325342e+00 -7.553883869259840900e-01 8.012360462969417285e-02 6.503603561707149705e-01 5.231490777258478886e+01
6.565516089076476325e-01 6.329482234936243193e-03 7.542545475470568972e-01 8.807076881625046383e+01 5.941913740997410709e-02 9.964232474661016692e-01 -6.008392479318756807e-02 -1.065658774563743583e+00 -7.519370658174981958e-01 8.426535209525061465e-02 6.538271939022040069e-01 5.335596765451999346e+01
6.562915768983832443e-01 1.061485329466065920e-02 7.544326947990551702e-01 8.990712139470231534e+01 5.620360665074514844e-02 9.964352555543337653e-01 -6.291212989406910761e-02 -1.191259693449207901e+00 -7.524111380699226581e-01 8.369053935716311288e-02 6.533554721056723524e-01 5.479523940057879372e+01
6.551918033507896366e-01 5.194708492236925837e-03 7.554447139437926451e-01 9.162788912111567186e+01 6.068744790418408031e-02 9.963827255502761826e-01 -5.948527458010250540e-02 -1.351849502790521962e+00 -7.530210717428901246e-01 8.482027604691022571e-02 6.525065411798642856e-01 5.618462527784929250e+01
6.464381989773845261e-01 1.061048651425552415e-02 7.628925694216744935e-01 9.307782803603085142e+01 4.841016018501891061e-02 9.973181014662190202e-01 -5.489135522710027887e-02 -1.539841697188121694e+00 -7.614289929426973913e-01 7.241562030209923451e-02 6.441908619675749126e-01 5.754119472869582097e+01
6.250531033485502430e-01 8.345993818505316811e-03 7.805376111255155624e-01 9.464141737470824012e+01 2.930388815092475202e-02 9.989870751414221539e-01 -3.414829189893458378e-02 -1.866149161749186325e+00 -7.800319866092541021e-01 4.421728267949395774e-02 6.241754014528752004e-01 5.908756577184561820e+01
6.158412249713495212e-01 1.431045433766506801e-02 7.877403103323042943e-01 9.630029572925629111e+01 9.414597791397366286e-03 9.996299814820304164e-01 -2.551990342165654652e-02 -1.998647935784068741e+00 -7.878140332427489012e-01 2.313246677019326417e-02 6.154786251421843213e-01 6.013757155405794919e+01
6.268226664846651142e-01 1.850266730880761185e-02 7.789422289769065699e-01 9.815887504238216366e+01 3.863448810430724061e-03 9.996319060186510397e-01 -2.685379363882651679e-02 -2.032697494352003531e+00 -7.791523718402819654e-01 1.984196996185383366e-02 6.265204527257596245e-01 6.117265875311997547e+01
6.361839502756158060e-01 2.159330081118229772e-02 7.712351851230520028e-01 9.995945936802333165e+01 -2.452809544022277769e-04 9.996138868629922403e-01 -2.778519440104330884e-02 -2.093131198843136254e+00 -7.715373751471533703e-01 1.748732543095668154e-02 6.359436077202972326e-01 6.237881572845837042e+01
6.175128740247647352e-01 3.195348572222015543e-02 7.859114614025373147e-01 1.016228159279382055e+02 -1.694009001860066060e-02 9.994830130900187459e-01 -2.732654194458813274e-02 -2.179283848180406213e+00 -7.863783337324529166e-01 3.561080550552488903e-03 6.177349228766958467e-01 6.394030057873339956e+01
5.581231150790348927e-01 3.332325972620794191e-02 8.290887460192006841e-01 1.035829500768471405e+02 -5.437140040428194154e-02 9.985145368012616762e-01 -3.531375741659607652e-03 -2.521021886738692874e+00 -8.279748421495329858e-01 -4.310777375104397902e-02 5.591058760285733120e-01 6.629958280793489678e+01
5.570716263437431870e-01 3.435126176501171469e-02 8.297536947419305031e-01 1.052965885878488734e+02 -5.062177583071958420e-02 9.986907818780125234e-01 -7.359212160022457483e-03 -2.520581377508277043e+00 -8.289201643912837980e-01 -3.790399724334452686e-02 5.580812199478644153e-01 6.744626635469082032e+01
5.487527083982193243e-01 3.260656176426592751e-02 8.353485961893558631e-01 1.069315610434530583e+02 -4.862668304643526229e-02 9.987921932519456814e-01 -7.042754777610664256e-03 -2.543769086372345001e+00 -8.345692965365495430e-01 -3.675550066138567190e-02 5.496754701181525427e-01 6.867986971092136628e+01
5.559962829340584500e-01 3.518218994871612215e-02 8.304398514485671345e-01 1.084618081985771880e+02 -4.486516114008088502e-02 9.989175522737498980e-01 -1.228173746995417717e-02 -2.530355134628004876e+00 -8.299730421401506630e-01 -3.042921737111782543e-02 5.569729006431081153e-01 6.945205776528437980e+01
5.688479663990650970e-01 2.799768908996663405e-02 8.219660093515208654e-01 1.095290295049041021e+02 -3.841436275996921307e-02 9.992341177810249997e-01 -7.450811775084755818e-03 -2.611695201503794639e+00 -8.215450857119070971e-01 -2.733692133331389398e-02 5.694878092414479287e-01 6.989257693950176531e+01
5.906720413816872739e-01 4.664556314619183047e-02 8.055623693847425715e-01 1.117147717643647127e+02 -3.764223585684864370e-02 9.988337445269643844e-01 -3.023595333251093489e-02 -2.221399009148888215e+00 -8.060332509330370154e-01 -1.246363642774599677e-02 5.917390101702861838e-01 7.027442053294227264e+01
5.842979520813730288e-01 4.644732839578393641e-02 8.102089538374673827e-01 1.126092694426846350e+02 -3.786388421837801749e-02 9.988338482680026997e-01 -2.995446253924348087e-02 -2.281943386477994551e+00 -8.106554320211535325e-01 -1.317532690341622660e-02 5.853752482771870103e-01 7.108331085805583882e+01
5.768487195125560074e-01 4.841363468354281663e-02 8.154150322219033686e-01 1.139585032699764753e+02 -3.985430790297719156e-02 9.987213024509009607e-01 -3.110296082907705248e-02 -2.359292703025249072e+00 -8.158781704018621683e-01 -1.455609863558488329e-02 5.780405963721000351e-01 7.224890323779810331e+01
5.598042255374571230e-01 4.409086558818055279e-02 8.274510406314613542e-01 1.152693830813078080e+02 -3.507433854055443112e-02 9.989492194894801225e-01 -2.949996029295801070e-02 -2.475194288210570193e+00 -8.278822499886937525e-01 -1.250809549965619348e-02 5.607624521137467566e-01 7.381034774307562429e+01
5.519370838328818696e-01 3.937939396663604069e-02 8.329554122645880243e-01 1.166617748798676786e+02 -2.821125933655106027e-02 9.991943254298918387e-01 -2.854513750768338312e-02 -2.578929373398129776e+00 -8.334084114866439075e-01 -7.743601197580047071e-03 5.526033444558525742e-01 7.502662555971986080e+01
5.483418778853307307e-01 4.511989491416607684e-02 8.350361549299043507e-01 1.181175930621556773e+02 -2.990541275597640575e-02 9.989626954342089027e-01 -3.433947318607151467e-02 -2.586316205350692954e+00 -8.357193615353639693e-01 -6.142329666898140202e-03 5.491224094327054051e-01 7.603068734444480015e+01
5.523668236568017864e-01 4.884288027643440139e-02 8.321690123824565521e-01 1.199861829584143607e+02 -3.603966971159364152e-02 9.987478114506896931e-01 -3.469800180871601691e-02 -2.655216241920401732e+00 -8.328217302222414853e-01 -1.082507130416771914e-02 5.534354375181308461e-01 7.703387744791270109e+01
5.427989808531822336e-01 4.470159687491662148e-02 8.386721848383754674e-01 1.219945004608656376e+02 -3.447617381235387052e-02 9.989267935413204125e-01 -3.092983324393133032e-02 -2.793984506385927880e+00 -8.391547293699777033e-01 -1.212552605330895206e-02 5.437575855047201978e-01 7.843921638281825892e+01
5.458528172484370389e-01 4.239812790098981127e-02 8.368076843889700189e-01 1.230950835248678743e+02 -2.801271499546791402e-02 9.990840503254577731e-01 -3.234730566587629141e-02 -2.859334371838381461e+00 -8.374126758656808001e-01 -5.784387240690085259e-03 5.465405302113670594e-01 7.912373403050335696e+01
5.385980655075200962e-01 3.944672029776796762e-02 8.416389250084036489e-01 1.245586895913966288e+02 -2.431487158419291111e-02 9.992151133794757722e-01 -3.127209960757219853e-02 -2.929398987385632314e+00 -8.422119156432034126e-01 -3.621250028839927311e-03 5.391344690305255316e-01 8.005892507354980125e+01
5.511241276678924272e-01 4.067101949096681157e-02 8.334314993302478491e-01 1.255890873770617588e+02 -1.914875177139200094e-02 9.991648459232378432e-01 -3.609620446487939172e-02 -2.932653260126883765e+00 -8.342035250512288558e-01 3.934316298695343835e-03 5.514426533623950633e-01 8.060889618682325874e+01
5.384278684344182553e-01 3.950122293374944138e-02 8.417452606815801763e-01 1.261414015963814137e+02 -2.703345656535412200e-02 9.991962547202635214e-01 -2.959791849282452161e-02 -2.986605914648345017e+00 -8.422378658783349348e-01 -6.818939779540337219e-03 5.390629641711474074e-01 8.102238277973212632e+01
5.385453943841447266e-01 3.854976069423405455e-02 8.417141879153743345e-01 1.265448240032779097e+02 -2.825240390019724546e-02 9.992173146316962740e-01 -2.768681661119676979e-02 -3.029476955787943737e+00 -8.421227106909541238e-01 -8.869841634392552215e-03 5.392130061931865725e-01 8.132586763268338359e+01
5.281405900213897997e-01 3.922880153157876776e-02 8.482503276169416351e-01 1.269933399683325632e+02 -4.656792286959277744e-02 9.987671129196165065e-01 -1.719542700272469818e-02 -3.128260523867800735e+00 -8.478790867402402620e-01 -3.041965286768331597e-02 5.293162561153196277e-01 8.133235117981531914e+01
5.270141855401370146e-01 4.122979069271828084e-02 8.488557902252269471e-01 1.272370545368841306e+02 -5.269073334992939450e-02 9.984861250479931671e-01 -1.578431834673777595e-02 -3.155786563968325353e+00 -8.482215128482103461e-01 -3.640827441748840237e-02 5.283887798727625595e-01 8.133797059565873155e+01
5.233115206027744160e-01 4.400591236335714418e-02 8.510044254182659307e-01 1.289310058902987350e+02 -5.265907163376685324e-02 9.984270434313026188e-01 -1.924736656474656041e-02 -3.185531670672327564e+00 -8.505128303435974813e-01 -3.474073433415615642e-02 5.248056848004214459e-01 8.253979627256661900e+01
5.244046797976226193e-01 4.778466616956272839e-02 8.501272595825922762e-01 1.308083445485143557e+02 -5.707923306804971869e-02 9.981509636018696119e-01 -2.089533471861636238e-02 -3.192385553409831989e+00 -8.495538199306215121e-01 -3.756700067483671052e-02 5.261625485547010150e-01 8.318482100724436634e+01
