1.000000000000000000e+00 0.000000000000000000e+00 0.000000000000000000e+00 0.000000000000000000e+00 0.000000000000000000e+00 1.000000000000000000e+00 0.000000000000000000e+00 0.000000000000000000e+00 0.000000000000000000e+00 0.000000000000000000e+00 1.000000000000000000e+00 0.000000000000000000e+00
9.999698876397968839e-01 5.295906504058139810e-04 7.742308918888721019e-03 -1.450894118636558150e-01 -5.391563418450877722e-04 9.999990939258717182e-01 1.233473905231361129e-03 3.194976532149757398e-03 -7.741648667535187128e-03 -1.237611077374967550e-03 9.999692671251100284e-01 1.304661098193140356e+00
9.998885259466825381e-01 2.949877483480602396e-03 -1.463673129505426405e-02 3.927141319026553057e-01 -2.908228433116093452e-03 9.999916641338876255e-01 2.865985017184047735e-03 -2.750302278575501858e-02 1.464506358989201007e-02 -2.823098576097274066e-03 9.998887699273739660e-01 2.370610259951789978e+00
9.998244971166266870e-01 1.049495383361166191e-02 -1.551872770286211699e-02 3.772165650987533980e-01 -1.062189212403340244e-02 9.999106164436970534e-01 -8.120008059728539562e-03 1.172767041313663300e-01 1.543212147407529988e-02 8.283421226463092216e-03 9.998466055148627074e-01 3.534992753274169175e+00
9.997722385551973678e-01 1.431465781906909700e-02 -1.582913724286653251e-02 3.622289917450605135e-01 -1.454110246701107757e-02 9.997922371883314341e-01 -1.428421495893659153e-02 1.712771255114185487e-01 1.562137488745543937e-02 1.451113467211257065e-02 9.997726739700141252e-01 4.883254021126487210e+00
9.998494715546923928e-01 1.211944913110506693e-02 -1.241584409384169883e-02 2.683243061109774619e-01 -1.233680480097929834e-02 9.997693129866607187e-01 -1.758192416890130491e-02 1.921558355201441470e-01 1.219989668425763840e-02 1.773244943421574751e-02 9.997683345445358416e-01 5.989983983216625063e+00
9.998580645969210590e-01 5.616662385501088213e-03 -1.588407265622931996e-02 3.816135550503809704e-01 -5.831385732641450673e-03 9.998918085074568474e-01 -1.350430376294770203e-02 1.626688113545821934e-01 1.580650501971322952e-02 1.359501317881356246e-02 9.997826413854806749e-01 7.020542334175702059e+00
9.997160793654742417e-01 1.333170216045593409e-02 -1.974908543784620676e-02 4.062651613924812000e-01 -1.386596553942389537e-02 9.995347280513801058e-01 -2.716730422605298859e-02 3.011519659519013015e-01 1.937771033393681855e-02 2.743343100591506128e-02 9.994357964398997707e-01 8.399793214474172487e+00
9.997464359656705879e-01 1.396204188829161009e-02 -1.766706427933151247e-02 3.362210050440842535e-01 -1.447899911044377326e-02 9.994605099195139619e-01 -2.947961492595003660e-02 2.585555651042849568e-01 1.724593745495465666e-02 2.972794136384350819e-02 9.994092390725466402e-01 9.685981361168357395e+00
9.995407017621982249e-01 1.821068318121021531e-02 -2.422305799869084106e-02 5.076418007079813721e-01 -1.898484867323257941e-02 9.993035875931801648e-01 -3.212343917220839701e-02 2.027539667550851132e-01 2.362119898711345645e-02 3.256855602371250269e-02 9.991903362808013389e-01 1.093839397780018885e+01
9.996623537041786633e-01 1.524831978588991367e-02 -2.103966088913309523e-02 4.841977756436977587e-01 -1.598389757540767328e-02 9.992507669811387938e-01 -3.524797449360941165e-02 1.997080294117049015e-01 2.048642489360583130e-02 3.557236893025964020e-02 9.991571012427261644e-01 1.206847637001142459e+01
9.995338184507743806e-01 2.006539937997456335e-02 -2.301142153230799348e-02 4.931315323548788321e-01 -2.092455613845157006e-02 9.990691012047082653e-01 -3.772391772366432555e-02 1.748734194290662847e-01 2.223305475242297324e-02 3.818783531093537797e-02 9.990232131990925968e-01 1.335034183380178341e+01
9.995359343379009998e-01 1.844119448582235560e-02 -2.424537715101268351e-02 4.996127068475840205e-01 -1.929458118756821605e-02 9.991852358269817103e-01 -3.544832354529630497e-02 9.418791169010976017e-02 2.357191345765352955e-02 3.589967759342339859e-02 9.990773633931615549e-01 1.466068256844345896e+01
9.994795179596244195e-01 2.273427969253961900e-02 -2.288767585530071189e-02 4.360671937974223145e-01 -2.359760610895534141e-02 9.989920316957839885e-01 -3.818472985700721578e-02 6.832221166624230513e-02 2.199650347492809743e-02 3.870494975048290737e-02 9.990085488621648357e-01 1.608553985585149348e+01
9.996538011025400960e-01 1.753545813695583933e-02 -1.961595394490603037e-02 3.732096061596517078e-01 -1.827620875263470321e-02 9.991013041679038809e-01 -3.824348576712208181e-02 2.398443046189672329e-02 1.892770812517248491e-02 3.858875118369368973e-02 9.990758980914360432e-01 1.744174117869566487e+01
9.997271058403895960e-01 1.556965014668526028e-02 -1.741550580105605608e-02 2.996169149831933165e-01 -1.631585299088232979e-02 9.989176157772797771e-01 -4.355903845370060617e-02 -4.486176336876875059e-03 1.671845654289613389e-02 4.383130027892027936e-02 9.988990491169169594e-01 1.882048542872813357e+01
9.997333198044277003e-01 1.749191277350538309e-02 -1.507720996538404121e-02 2.422873700314245871e-01 -1.823012770669058327e-02 9.985676815621356006e-01 -5.030156839914678296e-02 4.691369670713896670e-03 1.417574395275063813e-02 5.056301343017807759e-02 9.986202631412223196e-01 2.019267244874699330e+01
9.993546547604278407e-01 2.630533608287427202e-02 -2.446023921040854990e-02 4.125572752410763266e-01 -2.762514321886392829e-02 9.980884292480159958e-01 -5.528416467090645908e-02 -2.198510431386684755e-02 2.295921320081821884e-02 5.592420490976762054e-02 9.981710063082421813e-01 2.154141186071705150e+01
9.992778703326604672e-01 3.030976528976647363e-02 -2.291410027689434054e-02 3.867220264963810994e-01 -3.152908038138721447e-02 9.979955822545730770e-01 -5.487016393865377234e-02 -8.952094531953258549e-02 2.120506905728719582e-02 5.555300107491926292e-02 9.982305390629190311e-01 2.283040338835334992e+01
9.987189157695438579e-01 4.625160928810250621e-02 -2.052598164197437861e-02 3.468720512920823174e-01 -4.757688803428403862e-02 9.964382460256488994e-01 -6.962227791660151321e-02 2.343529874892952281e-02 1.723273074933724322e-02 7.050964824464811542e-02 9.973622323385505917e-01 2.425974930114504602e+01
9.978402820516735217e-01 6.123001435200223913e-02 -2.378354173562009788e-02 3.566392374126667320e-01 -6.276893901564661871e-02 9.955348724672126171e-01 -7.050090777101034045e-02 -3.125035399461964514e-02 1.936057359394099606e-02 7.184151337590320707e-02 9.972281409717510536e-01 2.555208716957297810e+01
9.973289071049799004e-01 7.073134328582567076e-02 -1.822438283643562293e-02 3.001791197081599694e-01 -7.194103537615510746e-02 9.943829446820869888e-01 -7.763405666576754516e-02 -4.126154181127877213e-02 1.263085435721084115e-02 7.873776985894062608e-02 9.968153415331491018e-01 2.690491212201979820e+01
9.975346939943172675e-01 6.811968299839676888e-02 -1.685950965656799957e-02 2.450333965268316760e-01 -6.926747259260272738e-02 9.943086515265829872e-01 -8.094641894498545709e-02 -1.436869087818790358e-01 1.124951191363363599e-02 8.191467687528304620e-02 9.965758547115836086e-01 2.821439291794019510e+01
9.986912838714060436e-01 4.801583112803674974e-02 -1.761248081232473159e-02 2.586027398682217981e-01 -4.930402827642479946e-02 9.954135764705644984e-01 -8.198124525641724281e-02 -3.051274935377320530e-01 1.359530488801699750e-02 8.274232133049691518e-02 9.964782365640725281e-01 2.946474788544890089e+01
9.985680959544195323e-01 5.190265545049615320e-02 -1.295654657498617780e-02 1.533998466418189377e-01 -5.280209502791553128e-02 9.951479490791413918e-01 -8.302107084492589550e-02 -3.891852932259395881e-01 8.584666716050362578e-03 8.358632544120085661e-02 9.964635616502054427e-01 3.081070733076495216e+01
9.986572808269655877e-01 5.112245747472289603e-02 -8.374353290480229459e-03 -3.299261641406673329e-01 -5.165375347842184051e-02 9.949629319890939128e-01 -8.591073110649238842e-02 -4.832128613358386282e-01 3.940203405794616420e-03 8.622794390107417495e-02 9.962676429994674621e-01 3.221388225879764633e+01
9.991776915946608550e-01 3.971502690075796177e-02 -8.164389618028426374e-03 -2.056353361709288841e-01 -4.028442701527761016e-02 9.952241116171011148e-01 -8.891643602843503358e-02 -5.149757999035797784e-01 4.594078755709304733e-03 8.917221705340797056e-02 9.960056275675187587e-01 3.356218778987004470e+01
9.991694831008907096e-01 4.070093344668111734e-02 1.943722322610442208e-03 -4.991896688408803962e-01 -4.039243748929274153e-02 9.956218117509804122e-01 -8.429507078924662611e-02 -6.787224108810859802e-01 -5.366100406454751316e-03 8.414655062603199065e-02 9.964389409212033311e-01 3.478451724017664759e+01
9.985232555105163499e-01 3.991020081238878803e-02 -3.685761896533557014e-02 1.632625779276706823e-01 -4.321078305831516086e-02 9.946730186574725963e-01 -9.358639955844513802e-02 -7.394556588834150235e-01 3.292622711709127653e-02 9.504084293576382791e-02 9.949286917874536895e-01 3.733176600766025643e+01
9.972219593486899569e-01 4.685576976962523704e-02 -5.790423673665503340e-02 7.577237775880303339e-01 -5.226909692564849635e-02 9.940259595740201792e-01 -9.581405533385728424e-02 -8.879523705121911137e-01 5.306887316813751337e-02 9.857448215556689763e-02 9.937136238214848705e-01 3.886643755829000213e+01
9.972734427597140794e-01 4.625742437978924704e-02 -5.749722650645223282e-02 6.725100828147237975e-01 -5.159682438751057171e-02 9.941255387175070846e-01 -9.514295025247512805e-02 -1.071414162388102387e+00 5.275839344891555122e-02 9.785021185142447897e-02 9.938017347345101671e-01 4.022870542977818076e+01
9.969480693108075942e-01 5.027910958624604715e-02 -5.972066842112342538e-02 6.212942300109122185e-01 -5.604026334269379683e-02 9.935005562602444718e-01 -9.907640281651103331e-02 -1.184963459886837045e+00 5.435104398199745723e-02 1.021207904875020278e-01 9.932861159647182747e-01 4.163963695905938067e+01
9.960829808087697801e-01 5.785153394864504806e-02 -6.687223162795923048e-02 6.877724515042070719e-01 -6.480332770725183433e-02 9.921501448736900208e-01 -1.069514784618494502e-01 -1.253290362184846796e+00 6.015998721061341370e-02 1.108660906088858866e-01 9.920128456284840190e-01 4.314438551940391164e+01
9.959320091472217973e-01 5.705774491957524286e-02 -6.974128548191399490e-02 6.728497044391846815e-01 -6.427556434192431556e-02 9.922800610891292505e-01 -1.060609833702905042e-01 -1.431347057129229494e+00 6.315128648336690298e-02 1.101121887423847368e-01 9.919108936320130132e-01 4.459016818216551314e+01
9.958430306370903429e-01 5.861157737354126540e-02 -6.972331983862377347e-02 5.568877089577067840e-01 -6.594712623169228516e-02 9.919569507588574808e-01 -1.080388096147040095e-01 -1.581463161269237805e+00 6.283020669482849985e-02 1.121877481678208027e-01 9.916986811969249471e-01 4.600088898169782681e+01
9.969335257514216897e-01 5.302532312415561555e-02 -5.754876489045322036e-02 6.707315283601622546e-02 -5.920314914302014092e-02 9.919910154014779380e-01 -1.115742465548693191e-01 -1.676506850263484116e+00 5.117159724287560080e-02 1.146391751118104874e-01 9.920883666112094712e-01 4.729158318192385480e+01
9.972523840861424738e-01 4.148418199175758075e-02 -6.137381427757387237e-02 -2.357463696607543790e-02 -4.761039193551334925e-02 9.936463668279992278e-01 -1.019811172191045362e-01 -1.943091502143301064e+00 5.675326434884776089e-02 1.046229436308531574e-01 9.928912864215121425e-01 4.868201994685697542e+01
9.979540391060599536e-01 3.079948929722527498e-02 -5.602791528272020594e-02 -7.707295967286656446e-02 -3.605068112654399859e-02 9.947987144224995637e-01 -9.526734054044241895e-02 -2.168911253150474394e+00 5.280231265967237630e-02 9.709227179526956630e-02 9.938737377229687198e-01 4.990155875908329364e+01
9.978050578541677318e-01 3.319550675107992010e-02 -5.729855890139338992e-02 -1.898508450217372967e-01 -3.866778600726002851e-02 9.945132215467752390e-01 -9.720213214711467820e-02 -2.297524170599670956e+00 5.375750036910355301e-02 9.920438750472386491e-02 9.936139193136735992e-01 5.126451343468877297e+01
9.977064797507166904e-01 3.483654615733020043e-02 -5.803615524186946095e-02 -2.015008277139281045e-01 -4.046097312192067919e-02 9.942902827302150248e-01 -9.874078854399281902e-02 -2.437797268086412394e+00 5.426499716628918613e-02 1.008625238633780591e-01 9.934193783908443764e-01 5.262676757827347274e+01
9.974463735638591233e-01 5.050780954717892790e-02 -5.049448523403748251e-02 -5.074262971786005494e-01 -5.579349991581306067e-02 9.924272164207746938e-01 -1.094317388806839014e-01 -2.581318836285272589e+00 4.458494399961362986e-02 1.119695551569797887e-01 9.927109355126998436e-01 5.404333664795198899e+01
9.978387121265297477e-01 4.589647507174299951e-02 -4.702571804508920428e-02 -7.579849730143390918e-01 -5.108873356789936371e-02 9.919427551148898292e-01 -1.159289087221206382e-01 -2.644571456816880772e+00 4.132609204964271532e-02 1.180808373575596704e-01 9.921436740537342702e-01 5.570400907910743626e+01
9.987034375660441832e-01 3.119154113153958102e-02 -4.023097756215013310e-02 -8.867208221813402957e-01 -3.533100068873653438e-02 9.936672519107244694e-01 -1.066635498683270178e-01 -2.943391362839967051e+00 3.664920441290990538e-02 1.079466546124521753e-01 9.934809286412502605e-01 5.701868251055548598e+01
9.982490222929212287e-01 4.450643905405186201e-02 -3.896237125683155167e-02 -9.598360864705508533e-01 -4.847550788010560052e-02 9.930026845841388727e-01 -1.076837663923868038e-01 -3.197090345991272287e+00 3.389711826974423081e-02 1.093839352529075576e-01 9.934214312574466410e-01 5.827065576772176314e+01
9.991385601439020103e-01 3.880871864451915232e-02 -1.469765255885383329e-02 -2.229990783886840688e+00 -4.025175937413368044e-02 9.924666406240254535e-01 -1.157141439744374806e-01 -3.128217226191265965e+00 1.009621220344950922e-02 1.162060695730671167e-01 9.931738095084472473e-01 5.979317533062729240e+01
9.989693479599672798e-01 4.492401015620215571e-02 -6.486535895520934188e-03 -2.344421938959422302e+00 -4.537641576598610421e-02 9.919040439628826755e-01 -1.186058534065694420e-01 -3.250385788202424742e+00 1.105770623055869761e-03 1.187779477914721188e-01 9.929202265991841081e-01 6.089782618815389270e+01
9.994484015319144987e-01 3.310738061702304946e-02 -2.606534861149148279e-03 -2.473254433859243040e+00 -3.318043666461107516e-02 9.921820958755361852e-01 -1.203068877777264817e-01 -3.317530212223761765e+00 -1.396888702999069757e-03 1.203270126476023855e-01 9.927333270970882806e-01 6.206521352522948831e+01
9.993662159263925204e-01 3.544357357348657672e-02 -3.304475344939630539e-03 -2.295395477588359157e+00 -3.558365342327234754e-02 9.921015761996899718e-01 -1.202841058125784929e-01 -3.501257720215326330e+00 -9.849233558615593659e-04 1.203254569674262753e-01 9.927340098594192863e-01 6.315911636186343259e+01
9.983903589169110804e-01 5.670400918060426732e-02 1.160415705156059556e-03 -2.374845557590191447e+00 -5.609144869297068986e-02 9.902192666446151259e-01 -1.277480072224745355e-01 -3.644387256944379150e+00 -8.392890162909651119e-03 1.274772893837781418e-01 9.918059790534013986e-01 6.423676826798711659e+01
9.979801112811945707e-01 6.344390894448023732e-02 3.250831435250946429e-03 -2.365437419455715951e+00 -6.246837132639682100e-02 9.893653172051869449e-01 -1.313543744810055924e-01 -3.846588821519236756e+00 -1.154989484814976028e-02 1.308859791166088749e-01 9.913301470245322600e-01 6.561837376805449651e+01
9.978276750102701431e-01 6.564597929609637672e-02 5.525973747363474922e-03 -2.359562478006656416e+00 -6.435340253384688736e-02 9.892402356599360180e-01 -1.313864366431322372e-01 -4.015985486210558619e+00 -1.409150687175544925e-02 1.307454073905452707e-01 9.913158265055391771e-01 6.689454452015696972e+01
9.975640675249549671e-01 6.564872213885253327e-02 2.358339383133739933e-02 -2.800644431631006182e+00 -6.210576629085270278e-02 9.897963554808294484e-01 -1.282421477919058472e-01 -4.180791642562132537e+00 -3.176169039100742997e-02 1.264650938337957831e-01 9.914624425892850645e-01 6.795515046446801932e+01
9.975063682817661981e-01 6.784773238737516754e-02 1.943528870930576885e-02 -2.475988112852038014e+00 -6.490707357536165678e-02 9.900459906461701598e-01 -1.248839789777401871e-01 -4.437681585159072739e+00 -2.771492444885135728e-02 1.233110766124485280e-01 9.919809783193781483e-01 6.904405213591401491e+01
9.970211163888073047e-01 7.650033857975167828e-02 9.828106226636127915e-03 -2.299882881189372341e+00 -7.466646483406876034e-02 9.892618405125757075e-01 -1.256420707201297005e-01 -4.523761617067542318e+00 -1.933423140446623514e-02 1.245339676668284074e-01 9.920269544690574204e-01 6.990486290878376963e+01
9.961406788328237560e-01 8.676866084796507061e-02 1.322677092622299988e-02 -2.277686180963912843e+00 -8.440385785956401599e-02 9.883262158690627741e-01 -1.268356409072359803e-01 -4.718262321393549286e+00 -2.407772316699521506e-02 1.252297509403321463e-01 9.918355573009640658e-01 7.108186671848038429e+01
9.958488568652799078e-01 9.061864812413454595e-02 8.562411592048345052e-03 -2.196121217129942682e+00 -8.868928236794663966e-02 9.871829404796851337e-01 -1.326802668784199113e-01 -4.814857977816586754e+00 -2.047597307030747313e-02 1.313700979600168350e-01 9.911219056648868930e-01 7.225753976206016205e+01
9.915493599102292999e-01 1.291100827419139063e-01 -1.266702001246832431e-02 -2.486989885447776771e+00 -1.293931174177518906e-01 9.772171519013709284e-01 -1.682381026838892513e-01 -5.086385028002879949e+00 -9.342806138197722737e-03 1.684554082365278260e-01 9.856649975571432076e-01 7.655860513846077708e+01
9.916238554622162082e-01 1.290481160706230535e-01 -5.358452843726565704e-03 -2.657702826879062563e+00 -1.280660301413189539e-01 9.769970251092705560e-01 -1.705165823357502608e-01 -5.275089802734592936e+00 -1.676965122172082573e-02 1.697745465794123221e-01 9.853402367363525149e-01 7.775313545038513041e+01
9.905615304130938048e-01 1.251133978485921561e-01 5.598653538532768342e-02 -5.514964924242123701e+00 -1.100385009200323116e-01 9.694022107711699476e-01 -2.194330924615232048e-01 -4.619472179265097900e+00 -8.172749097424059084e-02 2.112013054664565459e-01 9.740198282315998268e-01 7.992377063804491399e+01
9.923488048522201010e-01 1.224070494170318435e-01 1.613579131586457063e-02 -4.037994324506709809e+00 -1.164107627578243181e-01 9.711638809464582245e-01 -2.080606898458751963e-01 -5.134329827947293090e+00 -4.113859286016295636e-02 2.045903971305018110e-01 9.779828145624361868e-01 8.097980447991842823e+01
9.927870755692571603e-01 1.176952404826802495e-01 2.283972307997550813e-02 -4.171594666736259782e+00 -1.106890036875995409e-01 9.729951764152426907e-01 -2.025545139840215780e-01 -5.540264449237416677e+00 -4.606264262167795304e-02 1.985653973893255764e-01 9.790046046440853411e-01 8.224833337558409596e+01
9.919781884917693304e-01 1.217136232648085709e-01 -3.413308465908541922e-02 -3.360263900505548129e+00 -1.260897633019164299e-01 9.719000392377542541e-01 -1.987754645827930211e-01 -6.071179987417195001e+00 8.980264308953397542e-03 2.014847578388770655e-01 9.794504822662271071e-01 8.420726137681549517e+01
9.906345379446176436e-01 1.296124213680021620e-01 -4.293987026508334220e-02 -3.304560301058011351e+00 -1.356054544612644019e-01 9.706692953982644090e-01 -1.985252620987521532e-01 -6.396586452501065168e+00 1.594907369136486230e-02 2.024888619113357491e-01 9.791546802473208855e-01 8.562163001880422541e+01
9.974662103348947984e-01 -4.205895392449016806e-02 5.737772769050032695e-02 -1.014443014132426057e+01 5.591846278120055774e-02 9.621144228278767363e-01 -2.668500757106060939e-01 -4.350641097120746537e+00 -4.398050432106177104e-02 2.693824080769691709e-01 9.620284992963110682e-01 8.785520631518943446e+01
9.972461892368584824e-01 -5.154190840715256600e-02 5.332419460542418138e-02 -9.957925878127207753e+00 6.374898051677979627e-02 9.631694407677696690e-01 -2.612292017638156438e-01 -4.777019133715579180e+00 -3.789598310691401351e-02 2.639091890193256407e-01 9.638027985099010264e-01 8.903803240629035542e+01
9.972391671834397453e-01 -6.716338339345130637e-02 3.167212285952029222e-02 -9.712981821001569926e+00 7.314098415188062530e-02 9.620849692080994942e-01 -2.627601728975155204e-01 -5.091561536380361908e+00 -1.282341111321135159e-02 2.643512662254194900e-01 9.643412094131585954e-01 9.053262547579363684e+01
9.984536105109425019e-01 -5.059774300235590078e-02 2.302728947868953185e-02 -9.441402624406880051e+00 5.489076944512713552e-02 9.628663628674771768e-01 -2.643394989177091370e-01 -5.365944761725866208e+00 -8.797220435432523064e-03 2.651947127327608511e-01 9.641547454901592262e-01 9.147640792127350551e+01
9.914428255053907568e-01 -7.628232263753276232e-02 -1.059345600213392191e-01 -7.258613176156766933e+00 4.734677452284890425e-02 9.663713003971881044e-01 -2.527544118525267280e-01 -6.548698578815699278e+00 1.216528121178201277e-01 2.455758885185145568e-01 9.617136144831074374e-01 9.474466007248749122e+01
9.920425737759031026e-01 -7.319232277889900495e-02 -1.024422554530849405e-01 -7.479144526863734654e+00 4.449540487693876695e-02 9.649708059623929302e-01 -2.585565752115262517e-01 -6.832381308274293907e+00 1.177781421186576555e-01 2.519409207066333201e-01 9.605488440014731122e-01 9.590971921302215719e+01
9.914683522577176777e-01 -8.210503205027291918e-02 -1.012386792851084488e-01 -7.764432023584447506e+00 5.354241831655323636e-02 9.646639291600319632e-01 -2.579858779436020599e-01 -7.187948931340604197e+00 1.188432409192224232e-01 2.503642695944049978e-01 9.608298582986850578e-01 9.728613632414625556e+01
9.948400513085824404e-01 -6.220663763145703462e-02 -8.014740511663023814e-02 -8.086577864674323379e+00 3.919423057756963452e-02 9.642898821992034186e-01 -2.619328833454609984e-01 -7.546862395482998309e+00 9.357929579652099483e-02 2.574400072304680598e-01 9.617523371821875555e-01 9.831178691461771280e+01
9.984160638491363926e-01 -3.208797646462154679e-02 -4.621390715365127771e-02 -9.224260807111750893e+00 1.848255332722663000e-02 9.628883201654532265e-01 -2.692665558725155783e-01 -7.715196525940265282e+00 5.313905033500831987e-02 2.679859038370235869e-01 9.619562342820715539e-01 9.880655706241640246e+01
9.976926504037341159e-01 -3.937158232694316917e-02 -5.531052192348370061e-02 -9.005871852684043333e+00 2.281828618164253447e-02 9.617435931312001696e-01 -2.729992433813854813e-01 -7.987069199642154338e+00 6.394295227863654174e-02 2.711072473692823226e-01 9.604229064728408982e-01 1.001377930293387664e+02
9.987691637769331443e-01 -9.826151427088355983e-03 -4.861691307003719598e-02 -9.563872259357044214e+00 -4.501055807267787673e-03 9.581803368395295228e-01 -2.861296604525543352e-01 -8.285881886532907359e+00 4.939532351293435264e-02 2.859963091408809777e-01 9.569567457167762470e-01 1.013447391565250797e+02
9.985612940925149283e-01 2.634925849090754071e-02 -4.670180421850899516e-02 -9.948264791292070086e+00 -3.857434117979734872e-02 9.579589629726693589e-01 -2.843002734132720755e-01 -9.064867937662604902e+00 3.724731054491334237e-02 2.856927402600498711e-01 9.575971470403774610e-01 1.031064951638328751e+02
9.971023354734570576e-01 -1.799843772557827362e-02 -7.391203442483669506e-02 -9.767458133440980461e+00 -4.433248411225194398e-03 9.562081185549234918e-01 -2.926540283648371155e-01 -9.378491301025039917e+00 7.594260268060384900e-02 2.921336855774790409e-01 9.533575566643454069e-01 1.051782560633000969e+02
9.971014483783902094e-01 -1.732786790167373941e-02 -7.408405115610781910e-02 -9.881887686911705160e+00 -5.328288094448215342e-03 9.554259362579075043e-01 -2.951828072088077404e-01 -9.760996865777730847e+00 7.589671262776236105e-02 2.947219457720650637e-01 9.525642569887990962e-01 1.064370764944683856e+02
9.986234919354551876e-01 -2.289294295902142770e-02 -4.719146657306130116e-02 -1.080941364223125944e+01 7.894246951626947978e-03 9.550738690769565720e-01 -2.962626967261124400e-01 -9.835591384455266706e+00 5.185366158438611123e-02 2.954823476437081209e-01 9.539399247391054937e-01 1.063963311360471238e+02
9.986533089183061707e-01 -3.502933212281439390e-02 3.826897539197489373e-02 -1.254984839993795376e+01 4.535800806180743938e-02 9.475798428426297493e-01 -3.162832473321854909e-01 -9.571945796929318462e+00 -2.518371877199482994e-02 3.175931159980608376e-01 9.478926062479072767e-01 1.064784919571555264e+02
9.990436702549082559e-01 -3.180277672474396411e-02 3.000547143776565243e-02 -1.230635192196173300e+01 3.960646126556406632e-02 9.489546406204949491e-01 -3.129159923539177601e-01 -1.014457158452735897e+01 -1.852223392644027772e-02 3.138051520249700577e-01 9.493067225154124822e-01 1.079834833164257759e+02
9.990116500335348704e-01 -3.414490877389896040e-02 2.845783375630043729e-02 -1.219050834344571577e+01 4.133413950073872023e-02 9.490929836826124122e-01 -3.122723126313952102e-01 -1.054309426857019183e+01 -1.634662072149769760e-02 3.131399583720498869e-01 9.495662980865176017e-01 1.091965321631680581e+02
9.989115981743180717e-01 -3.643641298392952255e-02 2.912055702932195289e-02 -1.201165872780744159e+01 4.384219251660584349e-02 9.465557229418561924e-01 -3.195467501342282857e-01 -1.090742305165654713e+01 -1.592109255579629568e-02 3.204756639354621739e-01 9.471229421975529972e-01 1.103131446007558480e+02
9.986998993000264502e-01 -3.581619525920173852e-02 3.627273487450784206e-02 -1.212830212093680160e+01 4.563749603218315853e-02 9.452255032300183046e-01 -3.232119536766252521e-01 -1.131592592204431469e+01 -2.270969163229582741e-02 3.244471423833223955e-01 9.456311763606660703e-01 1.113746455540335205e+02
9.988039297178638032e-01 -2.942591055136149422e-02 3.904901750854186671e-02 -1.212811830754913522e+01 4.099129729202719702e-02 9.392888063752273808e-01 -3.406702977432957136e-01 -1.149042333682947969e+01 -2.665377133682396427e-02 3.418635020098121369e-01 9.393715571950785881e-01 1.125843395990148963e+02
9.984093674700563747e-01 -4.047015903103198114e-02 3.925431410752531353e-02 -1.189800438294255081e+01 5.163247030826206146e-02 9.359659973621575757e-01 -3.482839930167856979e-01 -1.182825107215174754e+01 -2.264559466906544000e-02 3.497567983754616971e-01 9.365667936843729002e-01 1.137744027520730299e+02
9.982188638642636169e-01 -3.982324468391145594e-02 4.442081728640118882e-02 -1.192296004318701641e+01 5.303637122490208883e-02 9.333208303865884181e-01 -3.551047322886193847e-01 -1.218161801801720934e+01 -2.731745143385058694e-02 3.568281613736835611e-01 9.337705393177868629e-01 1.149221104728275975e+02
9.981001658477303140e-01 -3.727303596123314466e-02 4.905894133564002446e-02 -1.195728957940837311e+01 5.219520752398815883e-02 9.346078248734903671e-01 -3.518293250949383610e-01 -1.273360819582643977e+01 -3.273712336581893062e-02 3.537215493512732012e-01 9.347776988558622602e-01 1.161114520703886228e+02
9.977450218276043836e-01 -4.164152869228000819e-02 5.263890677447598254e-02 -1.189245925448393848e+01 5.779063314883516045e-02 9.318419069209578076e-01 -3.582330292228207980e-01 -1.314408052772649960e+01 -3.413376830205805401e-02 3.604672573120509815e-01 9.321471140691384161e-01 1.174013568529849181e+02
9.971172489703179487e-01 -4.783340708958135068e-02 5.889954984612670585e-02 -1.209031894646827965e+01 6.586307110383256280e-02 9.310598574268569294e-01 -3.588726762419230942e-01 -1.357782210380065990e+01 -3.767290366623367998e-02 3.617174409044603411e-01 9.315262987564423280e-01 1.186072865445707265e+02
9.970792820432179404e-01 -4.575805468690534450e-02 6.114822770498874044e-02 -1.201118893790343556e+01 6.496543790323890122e-02 9.291075416460804481e-01 -3.640586050822104958e-01 -1.399437423980358020e+01 -4.015466595840694319e-02 3.669678139668866024e-01 9.293665726257461790e-01 1.198198801973797174e+02
9.868078927336214612e-01 -5.747195950790234820e-02 1.513511040890047066e-01 -1.493272724449197142e+01 1.089547681826482234e-01 9.272307116192628484e-01 -3.582904770159097696e-01 -1.473428386615493224e+01 -1.197457361616837551e-01 3.700542950707981227e-01 9.212604286360864814e-01 1.212922654799310749e+02
9.854749294206198718e-01 -5.591864122247874880e-02 1.603504569599531748e-01 -1.501828616880639089e+01 1.112418207649707030e-01 9.260084232931083958e-01 -3.607404292605622675e-01 -1.515756793424303872e+01 -1.283137591855513238e-01 3.733383258574358710e-01 9.187785770519657502e-01 1.222197935307946608e+02
9.848938432400746734e-01 -4.995217164081576511e-02 1.657977626392191095e-01 -1.487408371190933032e+01 1.078003234435088997e-01 9.261877401125361287e-01 -3.613244529930095816e-01 -1.560107685413725065e+01 -1.355109140006022228e-01 3.737392816036197996e-01 9.175814631808597577e-01 1.232564047826559346e+02
9.629966118303043832e-01 -8.844107053389782536e-02 2.545892822688766710e-01 -1.712783025843091522e+01 1.657061782091837632e-01 9.392773178224408381e-01 -3.004988897276960058e-01 -1.607105586707954004e+01 -2.125534946940854097e-01 3.315664296443333603e-01 9.191761064269655668e-01 1.223320539768785693e+02
9.639082913839184252e-01 -7.383469442895197743e-02 2.557914066186116053e-01 -1.683371939481731161e+01 1.527245283859181013e-01 9.403208116393447780e-01 -3.040920742591155523e-01 -1.643030191180389821e+01 -2.180734377007945701e-01 3.321824936634926173e-01 9.176593957851991723e-01 1.234192635226990831e+02
9.627380683013685436e-01 -8.049758946135035509e-02 2.581773613899371878e-01 -1.649913896032061089e+01 1.597151904126135891e-01 9.396396446422016213e-01 -3.026027035043257207e-01 -1.678888704107421859e+01 -2.182348959145160028e-01 3.325619886691449367e-01 9.174835442107935890e-01 1.245551134103472180e+02
9.625808065536215485e-01 -8.551572958678339831e-02 2.571483051622692195e-01 -1.612527798653527356e+01 1.636066707416534705e-01 9.398434763764407229e-01 -2.998784707201672117e-01 -1.722494446740373775e+01 -2.160348308570129161e-01 3.307284383083415880e-01 9.186662353383315827e-01 1.256589471940683609e+02
9.610319167284604447e-01 -7.914037839611771930e-02 2.648668637949025961e-01 -1.602069737204804412e+01 1.604601057021774746e-01 9.399093849777124809e-01 -3.013683833929005629e-01 -1.756852712887462431e+01 -2.251004431521019533e-01 3.321252000949698746e-01 9.159817912789527394e-01 1.266912839359414704e+02
9.604565111232644670e-01 -8.365031553451043878e-02 2.655671571409196074e-01 -1.569601815391498256e+01 1.643653316355785099e-01 9.402161045409591633e-01 -2.982913249126374344e-01 -1.802124621909190338e+01 -2.247383545309028230e-01 3.301458790789117415e-01 9.167858913235688023e-01 1.279866923247563619e+02
9.622340870726949769e-01 -8.413859346552955698e-02 2.588943003718424674e-01 -1.520979692096543801e+01 1.627876102663347035e-01 9.401039877274002254e-01 -2.995074059231307428e-01 -1.838805519357783069e+01 -2.181874323125826409e-01 3.303410197790608294e-01 9.182968229457008080e-01 1.290465956156841401e+02
9.608091015253076295e-01 -8.324052610229128180e-02 2.644180123220649659e-01 -1.505562496481868529e+01 1.640372737788758084e-01 9.396497063120333726e-01 -3.002502327041406405e-01 -1.879190189702492475e+01 -2.234673202894118249e-01 3.318575661965697532e-01 9.164785390399244891e-01 1.302896569188654041e+02
9.620799215548886396e-01 -7.267619910318888488e-02 2.629075781046642524e-01 -1.460629400065155536e+01 1.543628814655696735e-01 9.397258323247745793e-01 -3.051023777146665839e-01 -1.916321856829951287e+01 -2.248873615092488176e-01 3.341160429333057680e-01 9.153098625536564281e-01 1.316519610884721203e+02
9.633137832696430092e-01 -6.424604383723181433e-02 2.605743671468835898e-01 -1.416264604093158752e+01 1.471720705104941906e-01 9.383755196298679824e-01 -3.127167501446259656e-01 -1.949468497083401175e+01 -2.244257931352524604e-01 3.395936248085748566e-01 9.134052952359000832e-01 1.329686943743846541e+02
9.637842702875951684e-01 -5.579150553348413699e-02 2.607818786965871993e-01 -1.380925043996839285e+01 1.391538222437707917e-01 9.394029416909011054e-01 -3.133022931569722780e-01 -1.996737306554938485e+01 -2.274996573649330778e-01 3.382446171822632852e-01 9.131453799073060429e-01 1.341656610625229291e+02
9.634248205555742128e-01 -5.637830363164360314e-02 2.619811100386506553e-01 -1.323827806360782589e+01 1.425134718328068817e-01 9.357023291006322241e-01 -3.227244361088855151e-01 -2.055121788306581365e+01 -2.269416785952364235e-01 3.482565694933215661e-01 9.095135162938021711e-01 1.360233643753385024e+02
9.644632345573279641e-01 -5.091741741419457401e-02 2.592645093164332448e-01 -1.282049936241680577e+01 1.356682655714567531e-01 9.374564650051964154e-01 -3.205768206480003601e-01 -2.109737375024127459e+01 -2.267262466148403099e-01 3.443585236694691187e-01 9.110501722035548866e-01 1.373164110208736588e+02
9.640991715748042923e-01 -5.389584467705545862e-02 2.600154328022248329e-01 -1.247471510080031365e+01 1.394770432835073237e-01 9.360150801304655266e-01 -3.231438134410670737e-01 -2.151427481085450921e+01 -2.259622573919607136e-01 3.478088666133907214e-01 9.099285963961316615e-01 1.385432475951538436e+02
9.650642690868367346e-01 -4.527094572091115016e-02 2.580726603215261483e-01 -1.213575439736142414e+01 1.321014496715621767e-01 9.346803438593704882e-01 -3.300331222734882441e-01 -2.187111047779676198e+01 -2.262745313254803936e-01 3.525949464703798109e-01 9.080069604342141387e-01 1.397850624508535589e+02
9.653044472529208608e-01 -5.017819041650189993e-02 2.562605574805926212e-01 -1.180707536704863081e+01 1.357968488386393779e-01 9.346869896168376046e-01 -3.285109545913137974e-01 -2.233635272727111598e+01 -2.230393237956776742e-01 3.519124616257940930e-01 9.090715480055666653e-01 1.410220878516602454e+02
9.633209581399406751e-01 -6.674595064031836611e-02 2.599186597408367216e-01 -1.164855714460978398e+01 1.529192059835937922e-01 9.324637322749407264e-01 -3.273027718080351312e-01 -2.283084261823766070e+01 -2.205185888983021425e-01 3.550441748078626003e-01 9.084685937803805844e-01 1.422783587466260826e+02
9.662904889505452566e-01 -6.858994855670028090e-02 2.481493701799626361e-01 -1.096688002170509613e+01 1.513765416273183395e-01 9.310104264061752621e-01 -3.321215569154353786e-01 -2.325216869817859333e+01 -2.082494504402696012e-01 3.584898950876714285e-01 9.100094293529892298e-01 1.434803004141909923e+02
9.651474508282600340e-01 -6.560305947728758968e-02 2.533508175375353000e-01 -1.075772746197435481e+01 1.510069092980239058e-01 9.302610175144843119e-01 -3.343820459252602184e-01 -2.369673648002759236e+01 -2.137459040636217611e-01 3.609857031519729254e-01 9.077455649111693115e-01 1.446127137812488286e+02
9.641448611099041610e-01 -5.935759462097373040e-02 2.586529774740329857e-01 -1.050451085303093279e+01 1.473804243957953508e-01 9.303042447537964721e-01 -3.358764991748789397e-01 -2.415770609850983419e+01 -2.206891417815662892e-01 3.619539862384025808e-01 9.056962043344577440e-01 1.458485151953989316e+02
9.636832093919568409e-01 -5.774075847829215208e-02 2.607310429281023967e-01 -1.019605025325720149e+01 1.468871810094362351e-01 9.299927597059972628e-01 -3.369534432967146720e-01 -2.466619708453883320e+01 -2.230220347659038760e-01 3.630144235492068217e-01 9.046997846269838606e-01 1.471540051325932552e+02
9.617781399784636198e-01 -6.830031562075884743e-02 2.651751804858021311e-01 -9.927947300001855879e+00 1.582953737823207807e-01 9.288675240083301698e-01 -3.348846032318259502e-01 -2.509350072287228528e+01 -2.234398892290423433e-01 3.640606951165245575e-01 9.041761035177739991e-01 1.483453094078189736e+02
9.607586515964835483e-01 -7.206344445670952170e-02 2.678612949934113252e-01 -9.604376113919977698e+00 1.636443034872981095e-01 9.269660679929611069e-01 -3.375714009299572993e-01 -2.557230979930944059e+01 -2.239717734864550558e-01 3.681586190254029778e-01 9.023834417356284554e-01 1.495719990468531364e+02
9.603534834337764670e-01 -7.943152814436489628e-02 2.672298995121382137e-01 -9.245298203448230723e+00 1.713747754994042194e-01 9.242551980720594695e-01 -3.411495495516524978e-01 -2.598673648986671481e+01 -2.198905936577178200e-01 3.734206223194135310e-01 9.012242593535949586e-01 1.508485115129878409e+02
9.608939521160472230e-01 -7.610350723390538197e-02 2.662537679987057593e-01 -8.883521405738484589e+00 1.675581609249967574e-01 9.252933121195799915e-01 -3.402301416015328650e-01 -2.647312874323490917e+01 -2.204701238132752983e-01 3.715380770977123048e-01 9.018605112611878249e-01 1.520369913277656337e+02
9.602087462110884264e-01 -7.632580740251501683e-02 2.686513257441521807e-01 -8.535162825795993058e+00 1.695018382467379237e-01 9.237747624775232147e-01 -3.433792583144200661e-01 -2.690650073717973711e+01 -2.219646154924506121e-01 3.752526606620388838e-01 8.999539711203828896e-01 1.532935968385690444e+02
9.595555714705628070e-01 -8.372721934105341324e-02 2.687803155017560175e-01 -8.176578575509184432e+00 1.773447534418705895e-01 9.212666546923174993e-01 -3.461453298524438948e-01 -2.734534088081002778e+01 -2.186365561530110857e-01 3.798124585811142873e-01 8.988551343904750413e-01 1.545030045093285480e+02
9.608792074654702864e-01 -8.145279133312988140e-02 2.647198357595788587e-01 -7.809202545932302009e+00 1.754095959141511452e-01 9.186320251801034509e-01 -3.540433249967075424e-01 -2.780723650626530841e+01 -2.143423017553216514e-01 3.866272689523232997e-01 8.969820135212838164e-01 1.556724914766002144e+02
9.521567044229177768e-01 -1.052458547544454642e-01 2.869162251938718877e-01 -7.648157293193642126e+00 2.077637755164671307e-01 9.114269349871244597e-01 -3.551551150738325724e-01 -2.818764579895801958e+01 -2.241245720701669497e-01 3.977741221308534469e-01 8.896875428808651565e-01 1.569011114847740487e+02
9.487978898554467744e-01 -1.168108472006813281e-01 2.934924022562027113e-01 -7.348550440126269123e+00 2.197730684979121718e-01 9.114823216257904592e-01 -3.477064505105695313e-01 -2.872676087963230529e+01 -2.268972511267322578e-01 3.944048723582239124e-01 8.904843817222309887e-01 1.580526240610924447e+02
9.542563107918298204e-01 -1.115988687785911260e-01 2.773816608957984653e-01 -7.028273678860855078e+00 2.098695214154793487e-01 9.107851336934742470e-01 -3.555632492592373795e-01 -2.901731931485337057e+01 -2.129546367065261459e-01 3.975124309129067224e-01 8.925436627834525405e-01 1.589838242862468007e+02
9.547248298715197423e-01 -1.165232236406490984e-01 2.737203638372462944e-01 -6.646083713958594430e+00 2.127237686935410932e-01 9.106054975080423164e-01 -3.543250289507312023e-01 -2.969810811110860982e+01 -2.079641735001919456e-01 3.965097303478337110e-01 8.941649379615980164e-01 1.602472348389188710e+02
9.548448968611965570e-01 -1.089817641183061514e-01 2.763950036230717333e-01 -6.308433462884751819e+00 2.077218679951219615e-01 9.100122136266021178e-01 -3.587887910833030825e-01 -3.016735319932571358e+01 -2.124213936842308248e-01 4.000009326739923932e-01 8.915584138827827854e-01 1.613916016115825300e+02
9.521212466763495641e-01 -1.244495277465193783e-01 2.792444210206332378e-01 -6.029250803687164151e+00 2.243025397902629059e-01 9.050055246027833844e-01 -3.614600546147080373e-01 -3.036332988012767942e+01 -2.077342106421468104e-01 4.067890306806459244e-01 8.895893334830307086e-01 1.620785970757256109e+02
9.452198030468051959e-01 -1.099489280867064350e-01 3.073609557844784179e-01 -6.392352108479808948e+00 2.233323614179359706e-01 9.045327060471608505e-01 -3.632399207610283454e-01 -3.100658308119018258e+01 -2.380801971430002717e-01 4.119852144234971147e-01 8.795373800042689538e-01 1.637537491107204346e+02
9.347621145738197468e-01 -1.026528548852860545e-01 3.401208322661029571e-01 -6.428028855350181203e+00 2.295727605829162854e-01 9.051573331543394385e-01 -3.577520787294622417e-01 -3.181588116310227932e+01 -2.711385932614947536e-01 4.124955680014187331e-01 8.696730820390871086e-01 1.655656198823116938e+02
9.338251354164447404e-01 -7.996000101959786777e-02 3.486789564935188213e-01 -6.196603914431572768e+00 2.141205797784462017e-01 9.057501703308949992e-01 -3.657444548600637391e-01 -3.221575245805645693e+01 -2.865710972512798271e-01 4.162007054084475577e-01 8.629333572401221009e-01 1.669515597686412889e+02
9.514244230107506972e-01 -3.222865296767252197e-02 3.061909228350100376e-01 -5.083126651492131387e+00 1.560901940358494222e-01 9.077143401547592694e-01 -3.894746821081560562e-01 -3.230593076699472732e+01 -2.653816471131988930e-01 4.183491252593791732e-01 8.686521690355685221e-01 1.679141666631668954e+02
